NUISANCE_PARAMETERS
SigXsecOverSM  -1 +0.00154219 -0.00154219
Dummy  0.033447 +0.993254 -0.993254
gamma_stat_CR1_ST_bin_0  1.39473e-06 +53409.1 -53409.1
gamma_stat_CR1_ST_bin_1  1.39473e-06 +53409.1 -53409.1
gamma_stat_CR1_ST_bin_10  0.995702 +0.00204827 -0.00204827
gamma_stat_CR1_ST_bin_11  1.00058 +0.00248377 -0.00248377
gamma_stat_CR1_ST_bin_12  0.99825 +0.00287513 -0.00287513
gamma_stat_CR1_ST_bin_13  0.996518 +0.0035318 -0.0035318
gamma_stat_CR1_ST_bin_14  0.986975 +0.00490369 -0.00490369
gamma_stat_CR1_ST_bin_15  0.991564 +0.00484897 -0.00484897
gamma_stat_CR1_ST_bin_16  0.991867 +0.00555052 -0.00555052
gamma_stat_CR1_ST_bin_17  0.991087 +0.00670245 -0.00670245
gamma_stat_CR1_ST_bin_18  0.988708 +0.00756484 -0.00756484
gamma_stat_CR1_ST_bin_19  0.988311 +0.00820848 -0.00820848
gamma_stat_CR1_ST_bin_2  1.39473e-06 +53409.1 -53409.1
gamma_stat_CR1_ST_bin_20  0.974103 +0.0090759 -0.0090759
gamma_stat_CR1_ST_bin_21  0.974492 +0.010605 -0.010605
gamma_stat_CR1_ST_bin_22  0.995444 +0.012266 -0.012266
gamma_stat_CR1_ST_bin_23  0.983136 +0.0124373 -0.0124373
gamma_stat_CR1_ST_bin_24  0.985232 +0.0146559 -0.0146559
gamma_stat_CR1_ST_bin_25  0.958165 +0.0184878 -0.0184878
gamma_stat_CR1_ST_bin_26  0.982024 +0.0189058 -0.0189058
gamma_stat_CR1_ST_bin_27  0.990858 +0.0184855 -0.0184855
gamma_stat_CR1_ST_bin_28  0.978056 +0.0207186 -0.0207186
gamma_stat_CR1_ST_bin_29  0.952523 +0.01296 -0.01296
gamma_stat_CR1_ST_bin_3  1.39473e-06 +53409.1 -53409.1
gamma_stat_CR1_ST_bin_4  1.39473e-06 +53409.1 -53409.1
gamma_stat_CR1_ST_bin_5  1.01251 +3.90212e-05 -3.90212e-05
gamma_stat_CR1_ST_bin_6  1.00359 +0.00121163 -0.00121163
gamma_stat_CR1_ST_bin_7  0.999976 +0.00120081 -0.00120081
gamma_stat_CR1_ST_bin_8  0.997745 +0.0013665 -0.0013665
gamma_stat_CR1_ST_bin_9  0.996039 +0.00173152 -0.00173152
gamma_stat_CR2_ST_bin_0  4.77937e-06 +53554.2 -53554.2
gamma_stat_CR2_ST_bin_1  4.77937e-06 +53554.2 -53554.2
gamma_stat_CR2_ST_bin_10  0.996471 +0.00147367 -0.00147367
gamma_stat_CR2_ST_bin_11  0.993794 +0.00157238 -0.00157238
gamma_stat_CR2_ST_bin_12  0.994828 +0.00178656 -0.00178656
gamma_stat_CR2_ST_bin_13  0.989766 +0.00191453 -0.00191453
gamma_stat_CR2_ST_bin_14  0.990862 +0.00212434 -0.00212434
gamma_stat_CR2_ST_bin_15  0.991697 +0.00237274 -0.00237274
gamma_stat_CR2_ST_bin_16  0.987413 +0.00262259 -0.00262259
gamma_stat_CR2_ST_bin_17  0.989311 +0.00293203 -0.00293203
gamma_stat_CR2_ST_bin_18  0.985777 +0.00327848 -0.00327848
gamma_stat_CR2_ST_bin_19  0.981592 +0.00365091 -0.00365091
gamma_stat_CR2_ST_bin_2  4.77937e-06 +53554.2 -53554.2
gamma_stat_CR2_ST_bin_20  0.982058 +0.00406584 -0.00406584
gamma_stat_CR2_ST_bin_21  0.983064 +0.00460084 -0.00460084
gamma_stat_CR2_ST_bin_22  0.980079 +0.00501316 -0.00501316
gamma_stat_CR2_ST_bin_23  0.981457 +0.00550093 -0.00550093
gamma_stat_CR2_ST_bin_24  0.976922 +0.00605121 -0.00605121
gamma_stat_CR2_ST_bin_25  0.975222 +0.00677166 -0.00677166
gamma_stat_CR2_ST_bin_26  0.979859 +0.00713164 -0.00713164
gamma_stat_CR2_ST_bin_27  0.975915 +0.00781145 -0.00781145
gamma_stat_CR2_ST_bin_28  0.972452 +0.00842651 -0.00842651
gamma_stat_CR2_ST_bin_29  0.965985 +0.00350125 -0.00350125
gamma_stat_CR2_ST_bin_3  4.77937e-06 +53554.2 -53554.2
gamma_stat_CR2_ST_bin_4  4.77937e-06 +53554.2 -53554.2
gamma_stat_CR2_ST_bin_5  1.08937 +0.000176577 -0.000176577
gamma_stat_CR2_ST_bin_6  1.02664 +0.000112068 -0.000112068
gamma_stat_CR2_ST_bin_7  1.01202 +0.000380091 -0.000380091
gamma_stat_CR2_ST_bin_8  1.0044 +0.00149532 -0.00149532
gamma_stat_CR2_ST_bin_9  0.999387 +0.00144205 -0.00144205
mu_tt  1.10062 +0.00126173 -0.00126173


CORRELATION_MATRIX
63   63
0.000399695   -5.42495e-05   -3.7383e-05   -1.00366e-07   -2.27208e-06   -4.94555e-09   -8.7156e-09   -8.7156e-09   -9.34801e-06   6.86599e-06   -5.05705e-06   5.68322e-06   4.68336e-06   -6.94643e-06   3.19077e-06   -2.36317e-06   5.01557e-06   -7.14603e-06   -8.7156e-09   -2.11196e-06   -1.89621e-06   2.6726e-06   2.63809e-06   -8.83047e-07   -2.26426e-06   -8.80184e-06   -3.55439e-06   -1.88269e-05   -1.3871e-05   -8.7156e-09   -8.7156e-09   4.30596e-05   4.30043e-05   5.4636e-06   -0.000114506   -1.80868e-05   -1.23919e-10   -1.23919e-10   8.17123e-06   1.1703e-06   5.45396e-06   -1.67778e-06   2.52323e-06   2.52039e-06   -2.22291e-06   1.30879e-05   -2.97247e-06   -3.41728e-06   -1.23919e-10   7.25937e-06   -4.91792e-07   5.06444e-06   4.24186e-06   2.34824e-06   1.13957e-05   2.57248e-05   2.62882e-05   2.85666e-05   3.59571e-05   -1.23919e-10   -1.23919e-10   -6.38339e-06   1   
-0.0130238   0.00031332   0.000380213   -1.93619e-05   1.16866e-05   1.22207e-07   1.12953e-05   1.12953e-05   -9.03309e-05   -8.14613e-05   -4.30026e-06   -4.28879e-05   -1.03173e-05   7.06015e-07   -1.81688e-05   -7.09452e-06   1.62457e-06   7.43539e-06   1.12953e-05   7.69909e-06   2.90772e-05   4.44213e-05   2.88831e-05   8.70933e-05   0.00010406   0.000142324   0.000191784   0.000278622   0.000202777   1.12953e-05   1.12953e-05   -0.000149935   -0.000153164   -0.000170497   -0.000180105   9.08629e-05   4.91467e-08   4.91467e-08   -0.000123946   -4.35508e-05   -3.58459e-05   -3.56789e-05   -5.92055e-05   -4.78108e-05   -4.02584e-05   -6.90388e-05   -8.38296e-05   -5.77489e-05   4.91467e-08   -9.42166e-05   -9.65076e-05   -0.000135636   -0.000131592   -0.00010357   -0.00017161   -0.00015747   -0.00017509   -0.000148326   -0.000169617   4.91467e-08   4.91467e-08   1   -6.38339e-06   
8.65291e-07   -1.17535e-07   -1.29517e-07   -2.18704e-10   -2.83102e-11   -1.21564e-11   -8.8278e-09   -8.8278e-09   -2.02549e-08   -9.57975e-09   -1.09585e-08   -1.21461e-08   -1.4314e-08   -1.50527e-08   -1.75419e-08   -1.98017e-08   -2.33779e-08   -2.52695e-08   -8.8278e-09   -2.90373e-08   -3.34664e-08   -3.82202e-08   -4.31414e-08   -5.07976e-08   -5.86382e-08   -6.78636e-08   -8.08223e-08   -8.94488e-08   -1.0291e-07   -8.8278e-09   -8.8278e-09   -1.01233e-07   -1.29437e-07   -1.79528e-07   -2.48137e-07   -3.10836e-11   2.24212e-06   2.24212e-06   -8.12553e-09   -2.36246e-09   -2.26393e-06   -2.26452e-06   -4.5993e-09   -2.2649e-06   -1.13022e-05   -6.20557e-09   -6.71732e-09   -1.12983e-05   2.24212e-06   -1.01026e-08   -2.27093e-06   -1.13089e-05   -1.53052e-08   -1.13138e-05   -2.28828e-06   -3.23276e-08   -4.09194e-08   -2.31123e-06   -7.33174e-08   2.24212e-06   1   4.91467e-08   -1.23919e-10   
8.65291e-07   -1.17535e-07   -1.29517e-07   -2.18704e-10   -2.83102e-11   -1.21564e-11   -8.8278e-09   -8.8278e-09   -2.02549e-08   -9.57975e-09   -1.09585e-08   -1.21461e-08   -1.4314e-08   -1.50527e-08   -1.75419e-08   -1.98017e-08   -2.33779e-08   -2.52695e-08   -8.8278e-09   -2.90373e-08   -3.34664e-08   -3.82202e-08   -4.31414e-08   -5.07976e-08   -5.86382e-08   -6.78636e-08   -8.08223e-08   -8.94488e-08   -1.0291e-07   -8.8278e-09   -8.8278e-09   -1.01233e-07   -1.29437e-07   -1.79528e-07   -2.48137e-07   -3.10836e-11   2.24212e-06   2.24212e-06   -8.12553e-09   -2.36246e-09   -2.26393e-06   -2.26452e-06   -4.5993e-09   -2.2649e-06   -1.13022e-05   -6.20557e-09   -6.71732e-09   -1.12983e-05   2.24212e-06   -1.01026e-08   -2.27093e-06   -1.13089e-05   -1.53052e-08   -1.13138e-05   -2.28828e-06   -3.23276e-08   -4.09194e-08   -2.31123e-06   -7.33174e-08   1   2.24212e-06   4.91467e-08   -1.23919e-10   
-0.0846426   0.0114905   0.0126621   2.12886e-05   2.82147e-06   1.18889e-06   1.14633e-07   1.14633e-07   0.0019795   0.000935996   0.00107118   0.00118703   0.00139915   0.00147141   0.00171464   0.00193559   0.00228519   0.00247013   1.14633e-07   0.00283842   0.00327148   0.00373623   0.00421716   0.00496586   0.00573237   0.00663433   0.00790128   0.00874492   0.0100604   1.14633e-07   1.14633e-07   0.00989488   0.0126517   0.0175481   0.0242546   3.45913e-06   -7.33174e-08   -7.33174e-08   0.00066148   0.000230729   0.000281072   0.000355606   0.000422852   0.000423565   0.000471728   0.000579807   0.000629781   0.000724083   -7.33174e-08   0.000854864   0.00106146   0.00131944   0.00149397   0.00189475   0.0028483   0.00315929   0.00399906   0.00541238   1   -7.33174e-08   -7.33174e-08   -0.000169617   3.59571e-05   
-0.0639291   0.00867861   0.00956348   1.60794e-05   2.13078e-06   8.9795e-07   8.85211e-08   8.85211e-08   0.00149509   0.000706946   0.000809045   0.000896548   0.00105676   0.00111133   0.00129504   0.00146192   0.00172597   0.00186566   8.85211e-08   0.00214382   0.0024709   0.00282192   0.00318516   0.00375064   0.00432958   0.00501081   0.00596772   0.00660491   0.00759845   8.85211e-08   8.85211e-08   0.00747346   0.00955569   0.0132538   0.0183191   2.61077e-06   -2.31123e-06   -2.31123e-06   0.00049961   0.000174267   0.000214548   0.000270842   0.000319376   0.000322171   0.000367568   0.000437922   0.000475666   0.000546892   -2.31123e-06   0.00064567   0.000803964   0.00100783   0.00112838   0.00144235   0.00215129   0.00238617   0.00302044   1   0.00541238   -2.31123e-06   -2.31123e-06   -0.000148326   2.85666e-05   
-0.0472345   0.00641236   0.00706616   1.18819e-05   1.57359e-06   6.63461e-07   1.02274e-07   1.02274e-07   0.00110469   0.000522347   0.00059778   0.000662436   0.000780807   0.000821132   0.000956872   0.00108017   0.00127527   0.00137848   1.02274e-07   0.00158401   0.00182568   0.00208503   0.00235342   0.00277124   0.00319899   0.00370234   0.00440936   0.00488016   0.00561427   1.02274e-07   1.02274e-07   0.00552194   0.00706043   0.00979287   0.0135355   1.92298e-06   -4.09194e-08   -4.09194e-08   0.000369155   0.000128764   0.000156858   0.000198452   0.000235981   0.000236378   0.000263255   0.000323572   0.000351461   0.000404086   -4.09194e-08   0.000477072   0.000592365   0.000736337   0.000833737   0.00105739   0.00158954   0.00176308   1   0.00302044   0.00399906   -4.09194e-08   -4.09194e-08   -0.00017509   2.62882e-05   
-0.0373154   0.0050658   0.00558231   9.38715e-06   1.24292e-06   5.24137e-07   5.45479e-08   5.45479e-08   0.000872712   0.00041266   0.000472251   0.000523331   0.000616844   0.0006487   0.000755937   0.000853346   0.00100747   0.00108901   5.45479e-08   0.00125138   0.0014423   0.00164719   0.00185922   0.0021893   0.00252723   0.00292487   0.00348343   0.00385536   0.00443531   5.45479e-08   5.45479e-08   0.00436238   0.0055778   0.00773645   0.0106931   1.51734e-06   -3.23276e-08   -3.23276e-08   0.000291638   0.000101725   0.00012392   0.000156779   0.000186428   0.000186742   0.000207974   0.000255626   0.000277659   0.000319232   -3.23276e-08   0.000376892   0.000467975   0.000581715   0.000658661   0.000835348   0.00125575   1   0.00176308   0.00238617   0.00315929   -3.23276e-08   -3.23276e-08   -0.00015747   2.57248e-05   
-0.0336418   0.00456713   0.00503279   8.46367e-06   1.12025e-06   4.72539e-07   4.97154e-08   4.97154e-08   0.000786807   0.000372041   0.000425764   0.000471817   0.000556124   0.000584844   0.000681525   0.000769345   0.000908301   0.00098181   4.97154e-08   0.00112819   0.00130032   0.00148504   0.0016762   0.00197378   0.00227845   0.00263695   0.00314052   0.00347584   0.0039987   4.97154e-08   4.97154e-08   0.00393296   0.00502874   0.0069749   0.00964054   1.3655e-06   -2.28828e-06   -2.28828e-06   0.000262934   9.1713e-05   0.000111723   0.000143608   0.000168079   0.000170621   0.000198797   0.000230465   0.00025033   0.000287811   -2.28828e-06   0.000339796   0.000424171   0.000524458   0.000593828   0.000764413   1   0.00125575   0.00158954   0.00215129   0.0028483   -2.28828e-06   -2.28828e-06   -0.00017161   1.13957e-05   
-0.0223793   0.00303815   0.00334792   5.63001e-06   7.45347e-07   3.14344e-07   7.14451e-08   7.14451e-08   0.0005234   0.000247489   0.000283227   0.000313862   0.000369945   0.00038905   0.000453364   0.000511784   0.00060422   0.000653121   7.14451e-08   0.000750498   0.000865001   0.000987882   0.00111505   0.001313   0.00151567   0.00175416   0.00208914   0.0023122   0.00266002   7.14451e-08   7.14451e-08   0.00261628   0.00334522   0.00463984   0.00641309   9.09413e-07   -1.13138e-05   -1.13138e-05   0.000231368   6.10089e-05   8.56203e-05   0.000105328   0.000123106   0.000123296   0.000181202   0.000164612   0.000177818   0.000247889   -1.13138e-05   0.000282504   0.000291961   0.000405332   0.000395025   1   0.000764413   0.000835348   0.00105739   0.00144235   0.00189475   -1.13138e-05   -1.13138e-05   -0.00010357   2.34824e-06   
-0.0176449   0.0023955   0.00263974   4.4401e-06   5.871e-07   2.47847e-07   2.98036e-08   2.98036e-08   0.000412693   0.000195143   0.000223318   0.000247475   0.000291693   0.000306757   0.000357468   0.00040353   0.000476414   0.00051497   2.98036e-08   0.00059175   0.000682032   0.00077892   0.000879186   0.00103527   0.00119507   0.0013831   0.00164723   0.0018231   0.00209736   2.98036e-08   2.98036e-08   0.00206289   0.00263764   0.00365842   0.00505658   7.12471e-07   -1.53052e-08   -1.53052e-08   0.000137917   4.81063e-05   5.86011e-05   7.64003e-05   8.81615e-05   9.05692e-05   9.83492e-05   0.000120884   0.000131304   0.000150962   -1.53052e-08   0.00017823   0.000223561   0.000275089   1   0.000395025   0.000593828   0.000658661   0.000833737   0.00112838   0.00149397   -1.53052e-08   -1.53052e-08   -0.000131592   4.24186e-06   
-0.0155833   0.00211563   0.00233134   3.92175e-06   5.18281e-07   2.18889e-07   6.24307e-08   6.24307e-08   0.000364481   0.000172347   0.000197229   0.000218564   0.000257616   0.00027092   0.000315707   0.000356387   0.000420756   0.000454808   6.24307e-08   0.000522618   0.000602352   0.00068792   0.000776473   0.00091432   0.00105545   0.00122152   0.00145479   0.00161011   0.00185233   6.24307e-08   6.24307e-08   0.00182189   0.00232949   0.00323102   0.00446584   6.27447e-07   -1.13089e-05   -1.13089e-05   0.000121813   4.2487e-05   6.30581e-05   7.678e-05   7.78644e-05   8.92925e-05   0.00014333   0.000106764   0.000115967   0.000133334   -1.13089e-05   0.000157417   0.000206746   1   0.000275089   0.000405332   0.000524458   0.000581715   0.000736337   0.00100783   0.00131944   -1.13089e-05   -1.13089e-05   -0.000135636   5.06444e-06   
-0.0125366   0.00170199   0.00187552   3.15472e-06   4.17104e-07   1.76093e-07   2.37002e-08   2.37002e-08   0.000293216   0.000138648   0.000158666   0.00017583   0.000207246   0.000217949   0.000253979   0.000286706   0.000338489   0.000365883   2.37002e-08   0.000420435   0.00048458   0.000553418   0.000624656   0.000735552   0.000849089   0.000982687   0.00117035   0.0012953   0.00149016   2.37002e-08   2.37002e-08   0.00146567   0.00187403   0.00259928   0.00359267   5.05996e-07   -2.27093e-06   -2.27093e-06   0.000109287   3.41794e-05   4.38971e-05   5.49375e-05   6.4899e-05   6.50043e-05   8.11769e-05   8.81494e-05   9.55511e-05   0.00011855   -2.27093e-06   0.000137931   1   0.000206746   0.000223561   0.000291961   0.000424171   0.000467975   0.000592365   0.000803964   0.00106146   -2.27093e-06   -2.27093e-06   -9.65076e-05   -4.91792e-07   
-0.0100963   0.00137071   0.00151047   2.54101e-06   3.3571e-07   1.41817e-07   5.59224e-08   5.59224e-08   0.000236147   0.000111664   0.000127784   0.000141607   0.000166909   0.000175528   0.000204546   0.000230902   0.000272607   0.000294668   5.59224e-08   0.000338602   0.000390262   0.000445701   0.000503074   0.000592385   0.000683823   0.000791417   0.000942551   0.00104318   0.00120011   5.59224e-08   5.59224e-08   0.0011804   0.00150927   0.00209337   0.00289341   4.05873e-07   -1.01026e-08   -1.01026e-08   7.89257e-05   2.75275e-05   3.35339e-05   5.37273e-05   5.0449e-05   6.18337e-05   0.000112759   6.91733e-05   7.51358e-05   8.63889e-05   -1.01026e-08   1   0.000137931   0.000157417   0.00017823   0.000282504   0.000339796   0.000376892   0.000477072   0.00064567   0.000854864   -1.01026e-08   -1.01026e-08   -9.42166e-05   7.25937e-06   
8.65291e-07   -1.17535e-07   -1.29517e-07   -2.18704e-10   -2.83102e-11   -1.21564e-11   -8.8278e-09   -8.8278e-09   -2.02549e-08   -9.57975e-09   -1.09585e-08   -1.21461e-08   -1.4314e-08   -1.50527e-08   -1.75419e-08   -1.98017e-08   -2.33779e-08   -2.52695e-08   -8.8278e-09   -2.90373e-08   -3.34664e-08   -3.82202e-08   -4.31414e-08   -5.07976e-08   -5.86382e-08   -6.78636e-08   -8.08223e-08   -8.94488e-08   -1.0291e-07   -8.8278e-09   -8.8278e-09   -1.01233e-07   -1.29437e-07   -1.79528e-07   -2.48137e-07   -3.10836e-11   2.24212e-06   2.24212e-06   -8.12553e-09   -2.36246e-09   -2.26393e-06   -2.26452e-06   -4.5993e-09   -2.2649e-06   -1.13022e-05   -6.20557e-09   -6.71732e-09   -1.12983e-05   1   -1.01026e-08   -2.27093e-06   -1.13089e-05   -1.53052e-08   -1.13138e-05   -2.28828e-06   -3.23276e-08   -4.09194e-08   -2.31123e-06   -7.33174e-08   2.24212e-06   2.24212e-06   4.91467e-08   -1.23919e-10   
-0.00855205   0.00116103   0.00127941   2.15187e-06   2.84632e-07   1.20125e-07   5.4341e-08   5.4341e-08   0.000200019   9.45795e-05   0.000108236   0.000119943   0.000141375   0.000148676   0.000173254   0.000195579   0.000230903   0.000249591   5.4341e-08   0.000286804   0.000330561   0.000377519   0.000426115   0.000501764   0.000579215   0.00067035   0.000798365   0.000883606   0.00101653   5.4341e-08   5.4341e-08   0.000999818   0.00127838   0.00177312   0.00245077   3.4596e-07   -1.12983e-05   -1.12983e-05   6.68499e-05   2.33154e-05   2.84034e-05   4.72296e-05   4.27302e-05   5.40954e-05   0.000104114   5.85898e-05   6.364e-05   1   -1.12983e-05   8.63889e-05   0.00011855   0.000133334   0.000150962   0.000247889   0.000287811   0.000319232   0.000404086   0.000546892   0.000724083   -1.12983e-05   -1.12983e-05   -5.77489e-05   -3.41728e-06   
-0.00743775   0.0010098   0.00111276   1.87225e-06   2.47168e-07   1.04475e-07   1.73503e-08   1.73503e-08   0.000173971   8.22637e-05   9.41386e-05   0.000104323   0.000122962   0.000129312   0.000150689   0.000170106   0.000200829   0.000217082   1.73503e-08   0.000249449   0.000287506   0.000328348   0.000370615   0.000436409   0.000503771   0.000583035   0.000694375   0.000768511   0.000884122   1.73503e-08   1.73503e-08   0.000869602   0.00111188   0.00154219   0.00213158   2.97847e-07   -6.71732e-09   -6.71732e-09   5.81427e-05   2.02802e-05   2.47042e-05   3.35151e-05   3.71659e-05   3.94881e-05   5.27572e-05   5.09601e-05   1   6.364e-05   -6.71732e-09   7.51358e-05   9.55511e-05   0.000115967   0.000131304   0.000177818   0.00025033   0.000277659   0.000351461   0.000475666   0.000629781   -6.71732e-09   -6.71732e-09   -8.38296e-05   -2.97247e-06   
-0.00684767   0.000929674   0.00102446   1.72352e-06   2.27614e-07   9.61858e-08   1.67722e-08   1.67722e-08   0.000160165   7.57356e-05   8.66686e-05   9.60445e-05   0.000113205   0.000119051   0.000138732   0.000156608   0.000184894   0.000199857   1.67722e-08   0.000229655   0.000264693   0.000302294   0.000341207   0.000401781   0.000463798   0.000536773   0.000639278   0.000707532   0.000813969   1.67722e-08   1.67722e-08   0.000800599   0.00102366   0.00141982   0.00196243   2.74667e-07   -6.20557e-09   -6.20557e-09   5.35283e-05   1.86706e-05   2.27437e-05   3.10365e-05   3.42164e-05   3.65354e-05   4.94754e-05   1   5.09601e-05   5.85898e-05   -6.20557e-09   6.91733e-05   8.81494e-05   0.000106764   0.000120884   0.000164612   0.000230465   0.000255626   0.000323572   0.000437922   0.000579807   -6.20557e-09   -6.20557e-09   -6.90388e-05   1.30879e-05   
-0.00557147   0.000756388   0.000833508   1.40195e-06   1.85402e-07   7.82587e-08   5.07746e-08   5.07746e-08   0.000130309   6.1617e-05   7.05135e-05   7.8141e-05   9.21032e-05   9.68597e-05   0.000112872   0.000127416   0.000150429   0.000162604   5.07746e-08   0.000186847   0.000215354   0.000245947   0.000277606   0.00032689   0.000377348   0.00043672   0.00052012   0.000575652   0.000662248   5.07746e-08   5.07746e-08   0.000651364   0.000832843   0.00115516   0.00159663   2.25147e-07   -1.13022e-05   -1.13022e-05   0.000100023   1.51897e-05   2.98073e-05   3.47142e-05   3.91373e-05   3.91866e-05   1   4.94754e-05   5.27572e-05   0.000104114   -1.13022e-05   0.000112759   8.11769e-05   0.00014333   9.83492e-05   0.000181202   0.000198797   0.000207974   0.000263255   0.000367568   0.000471728   -1.13022e-05   -1.13022e-05   -4.02584e-05   -2.22291e-06   
-0.00500246   0.000679155   0.000748401   1.25904e-06   1.66326e-07   7.02669e-08   1.46604e-08   1.46604e-08   0.000117005   5.53268e-05   6.3314e-05   7.01632e-05   8.26995e-05   8.69701e-05   0.000101348   0.000114407   0.00013507   0.000146001   1.46604e-08   0.00016777   0.000193366   0.000220835   0.000249262   0.000293513   0.000338818   0.000392129   0.000467012   0.000516874   0.000594629   1.46604e-08   1.46604e-08   0.00058486   0.00074781   0.00103722   0.00143362   2.01018e-07   -2.2649e-06   -2.2649e-06   5.04032e-05   1.36393e-05   1.88765e-05   2.32821e-05   2.72568e-05   1   3.91866e-05   3.65354e-05   3.94881e-05   5.40954e-05   -2.2649e-06   6.18337e-05   6.50043e-05   8.92925e-05   9.05692e-05   0.000123296   0.000170621   0.000186742   0.000236378   0.000322171   0.000423565   -2.2649e-06   -2.2649e-06   -4.78108e-05   2.52039e-06   
-0.00499387   0.000678005   0.000747133   1.25713e-06   1.65911e-07   7.01469e-08   1.45188e-08   1.45188e-08   0.000116809   5.52343e-05   6.32072e-05   7.00453e-05   8.256e-05   8.68233e-05   0.000101177   0.000114214   0.000134842   0.000145755   1.45188e-08   0.000167486   0.000193039   0.000220461   0.000248841   0.000293016   0.000338245   0.000391465   0.000466222   0.000515998   0.000593623   1.45188e-08   1.45188e-08   0.000583875   0.00074655   0.00103547   0.0014312   1.99636e-07   -4.5993e-09   -4.5993e-09   3.90394e-05   1.36168e-05   1.65873e-05   2.32464e-05   1   2.72568e-05   3.91373e-05   3.42164e-05   3.71659e-05   4.27302e-05   -4.5993e-09   5.0449e-05   6.4899e-05   7.78644e-05   8.81615e-05   0.000123106   0.000168079   0.000186428   0.000235981   0.000319376   0.000422852   -4.5993e-09   -4.5993e-09   -5.92055e-05   2.52323e-06   
-0.00419991   0.000570191   0.000628327   1.05695e-06   1.39701e-07   5.89936e-08   1.37768e-08   1.37768e-08   9.82323e-05   4.64496e-05   5.31557e-05   5.89058e-05   6.94308e-05   7.30164e-05   8.5087e-05   9.6051e-05   0.000113399   0.000122577   1.37768e-08   0.000140852   0.000162342   0.000185403   0.000209269   0.000246421   0.000284458   0.000329215   0.000392084   0.000433946   0.000499226   1.37768e-08   1.37768e-08   0.000491023   0.000627828   0.000870802   0.0012036   1.6924e-07   -2.26452e-06   -2.26452e-06   4.41304e-05   1.14508e-05   1.62109e-05   1   2.32464e-05   2.32821e-05   3.47142e-05   3.10365e-05   3.35151e-05   4.72296e-05   -2.26452e-06   5.37273e-05   5.49375e-05   7.678e-05   7.64003e-05   0.000105328   0.000143608   0.000156779   0.000198452   0.000270842   0.000355606   -2.26452e-06   -2.26452e-06   -3.56789e-05   -1.67778e-06   
-0.0033195   0.000450675   0.000496625   8.35555e-07   1.10314e-07   4.66275e-08   1.26537e-08   1.26537e-08   7.76433e-05   3.67143e-05   4.20142e-05   4.65594e-05   5.48781e-05   5.7712e-05   6.72528e-05   7.59185e-05   8.96305e-05   9.68842e-05   1.26537e-08   0.000111329   0.000128314   0.000146542   0.000165406   0.00019477   0.000224834   0.00026021   0.000309901   0.000342988   0.000394586   1.26537e-08   1.26537e-08   0.000388105   0.000496236   0.000688281   0.000951325   1.3295e-07   -2.26393e-06   -2.26393e-06   2.59498e-05   9.05101e-06   1   1.62109e-05   1.65873e-05   1.88765e-05   2.98073e-05   2.27437e-05   2.47042e-05   2.84034e-05   -2.26393e-06   3.35339e-05   4.38971e-05   6.30581e-05   5.86011e-05   8.56203e-05   0.000111723   0.00012392   0.000156858   0.000214548   0.000281072   -2.26393e-06   -2.26393e-06   -3.58459e-05   5.45396e-06   
-0.00272473   0.000369946   0.000407665   6.86165e-07   9.03973e-08   3.82739e-08   1.18048e-08   1.18048e-08   6.37372e-05   3.01392e-05   3.44887e-05   3.82203e-05   4.50485e-05   4.73747e-05   5.52068e-05   6.23202e-05   7.35759e-05   7.95303e-05   1.18048e-08   9.1388e-05   0.00010533   0.000120293   0.000135778   0.000159882   0.00018456   0.000213599   0.000254389   0.000281548   0.000323905   1.18048e-08   1.18048e-08   0.00031859   0.000407352   0.000564999   0.000780927   1.07912e-07   -2.36246e-09   -2.36246e-09   2.13023e-05   1   9.05101e-06   1.14508e-05   1.36168e-05   1.36393e-05   1.51897e-05   1.86706e-05   2.02802e-05   2.33154e-05   -2.36246e-09   2.75275e-05   3.41794e-05   4.2487e-05   4.81063e-05   6.10089e-05   9.1713e-05   0.000101725   0.000128764   0.000174267   0.000230729   -2.36246e-09   -2.36246e-09   -4.35508e-05   1.1703e-06   
-0.00781158   0.0010606   0.00116874   1.96716e-06   2.59161e-07   1.09728e-07   5.26735e-08   5.26735e-08   0.000182729   8.64065e-05   9.88761e-05   0.000109574   0.00012915   0.000135819   0.000158273   0.000178667   0.000210936   0.000228006   5.26735e-08   0.000262001   0.000301973   0.00034487   0.000389264   0.000458367   0.000529119   0.000612371   0.000729312   0.000807175   0.000928607   5.26735e-08   5.26735e-08   0.000913369   0.00116784   0.0016198   0.00223885   3.0937e-07   -8.12553e-09   -8.12553e-09   1   2.13023e-05   2.59498e-05   4.41304e-05   3.90394e-05   5.04032e-05   0.000100023   5.35283e-05   5.81427e-05   6.68499e-05   -8.12553e-09   7.89257e-05   0.000109287   0.000121813   0.000137917   0.000231368   0.000262934   0.000291638   0.000369155   0.00049961   0.00066148   -8.12553e-09   -8.12553e-09   -0.000123946   8.17123e-06   
8.65291e-07   -1.17535e-07   -1.29517e-07   -2.18704e-10   -2.83102e-11   -1.21564e-11   -8.8278e-09   -8.8278e-09   -2.02549e-08   -9.57975e-09   -1.09585e-08   -1.21461e-08   -1.4314e-08   -1.50527e-08   -1.75419e-08   -1.98017e-08   -2.33779e-08   -2.52695e-08   -8.8278e-09   -2.90373e-08   -3.34664e-08   -3.82202e-08   -4.31414e-08   -5.07976e-08   -5.86382e-08   -6.78636e-08   -8.08223e-08   -8.94488e-08   -1.0291e-07   -8.8278e-09   -8.8278e-09   -1.01233e-07   -1.29437e-07   -1.79528e-07   -2.48137e-07   -3.10836e-11   2.24212e-06   1   -8.12553e-09   -2.36246e-09   -2.26393e-06   -2.26452e-06   -4.5993e-09   -2.2649e-06   -1.13022e-05   -6.20557e-09   -6.71732e-09   -1.12983e-05   2.24212e-06   -1.01026e-08   -2.27093e-06   -1.13089e-05   -1.53052e-08   -1.13138e-05   -2.28828e-06   -3.23276e-08   -4.09194e-08   -2.31123e-06   -7.33174e-08   2.24212e-06   2.24212e-06   4.91467e-08   -1.23919e-10   
8.65291e-07   -1.17535e-07   -1.29517e-07   -2.18704e-10   -2.83102e-11   -1.21564e-11   -8.8278e-09   -8.8278e-09   -2.02549e-08   -9.57975e-09   -1.09585e-08   -1.21461e-08   -1.4314e-08   -1.50527e-08   -1.75419e-08   -1.98017e-08   -2.33779e-08   -2.52695e-08   -8.8278e-09   -2.90373e-08   -3.34664e-08   -3.82202e-08   -4.31414e-08   -5.07976e-08   -5.86382e-08   -6.78636e-08   -8.08223e-08   -8.94488e-08   -1.0291e-07   -8.8278e-09   -8.8278e-09   -1.01233e-07   -1.29437e-07   -1.79528e-07   -2.48137e-07   -3.10836e-11   1   2.24212e-06   -8.12553e-09   -2.36246e-09   -2.26393e-06   -2.26452e-06   -4.5993e-09   -2.2649e-06   -1.13022e-05   -6.20557e-09   -6.71732e-09   -1.12983e-05   2.24212e-06   -1.01026e-08   -2.27093e-06   -1.13089e-05   -1.53052e-08   -1.13138e-05   -2.28828e-06   -3.23276e-08   -4.09194e-08   -2.31123e-06   -7.33174e-08   2.24212e-06   2.24212e-06   4.91467e-08   -1.23919e-10   
-4.22398e-05   5.6019e-06   6.17584e-06   8.56505e-09   2.47227e-09   5.87767e-10   -7.74657e-09   -7.74657e-09   9.5193e-07   4.46386e-07   5.19177e-07   5.71656e-07   6.77505e-07   7.13761e-07   8.2982e-07   9.38078e-07   1.10828e-06   1.19872e-06   -7.74657e-09   1.37725e-06   1.58921e-06   1.8159e-06   2.04772e-06   2.41617e-06   2.78947e-06   3.23048e-06   3.8493e-06   4.2666e-06   4.89756e-06   -7.74657e-09   -7.74657e-09   4.78419e-06   6.12086e-06   8.49448e-06   1.17481e-05   1   -3.10836e-11   -3.10836e-11   3.0937e-07   1.07912e-07   1.3295e-07   1.6924e-07   1.99636e-07   2.01018e-07   2.25147e-07   2.74667e-07   2.97847e-07   3.4596e-07   -3.10836e-11   4.05873e-07   5.05996e-07   6.27447e-07   7.12471e-07   9.09413e-07   1.3655e-06   1.51734e-06   1.92298e-06   2.61077e-06   3.45913e-06   -3.10836e-11   -3.10836e-11   9.08629e-05   -1.80868e-05   
-0.286494   0.0388919   0.0428573   7.20478e-05   9.55493e-06   4.02407e-06   4.05129e-07   4.05129e-07   0.00669996   0.00316802   0.0036256   0.00401771   0.00473567   0.00498025   0.00580351   0.00655136   0.00773465   0.00836063   4.05129e-07   0.00960717   0.0110729   0.012646   0.0142738   0.0168079   0.0194023   0.0224552   0.0267434   0.0295989   0.0340513   4.05129e-07   4.05129e-07   0.033491   0.0428221   0.0593946   1   1.17481e-05   -2.48137e-07   -2.48137e-07   0.00223885   0.000780927   0.000951325   0.0012036   0.0014312   0.00143362   0.00159663   0.00196243   0.00213158   0.00245077   -2.48137e-07   0.00289341   0.00359267   0.00446584   0.00505658   0.00641309   0.00964054   0.0106931   0.0135355   0.0183191   0.0242546   -2.48137e-07   -2.48137e-07   -0.000180105   -0.000114506   
-0.207276   0.0281381   0.0310071   5.2127e-05   6.91228e-06   2.91139e-06   3.05071e-07   3.05071e-07   0.00484739   0.00229205   0.0026231   0.00290679   0.00342623   0.00360319   0.00419882   0.00473988   0.00559598   0.00604888   3.05071e-07   0.00695074   0.00801123   0.00914929   0.010327   0.0121604   0.0140375   0.0162462   0.0193487   0.0214147   0.0246359   3.05071e-07   3.05071e-07   0.0242306   0.0309816   1   0.0593946   8.49448e-06   -1.79528e-07   -1.79528e-07   0.0016198   0.000564999   0.000688281   0.000870802   0.00103547   0.00103722   0.00115516   0.00141982   0.00154219   0.00177312   -1.79528e-07   0.00209337   0.00259928   0.00323102   0.00365842   0.00463984   0.0069749   0.00773645   0.00979287   0.0132538   0.0175481   -1.79528e-07   -1.79528e-07   -0.000170497   5.4636e-06   
-0.149441   0.0202869   0.0223553   3.75829e-05   4.98314e-06   2.09904e-06   1.97238e-07   1.97238e-07   0.00349486   0.00165252   0.00189119   0.00209573   0.00247023   0.00259781   0.00302725   0.00341734   0.00403457   0.0043611   1.97238e-07   0.00501132   0.0057759   0.00659642   0.00744552   0.00876739   0.0101207   0.0117131   0.01395   0.0154395   0.0177619   1.97238e-07   1.97238e-07   0.0174697   1   0.0309816   0.0428221   6.12086e-06   -1.29437e-07   -1.29437e-07   0.00116784   0.000407352   0.000496236   0.000627828   0.00074655   0.00074781   0.000832843   0.00102366   0.00111188   0.00127838   -1.29437e-07   0.00150927   0.00187403   0.00232949   0.00263764   0.00334522   0.00502874   0.0055778   0.00706043   0.00955569   0.0126517   -1.29437e-07   -1.29437e-07   -0.000153164   4.30043e-05   
-0.116877   0.0158663   0.017484   2.9394e-05   3.89692e-06   1.64165e-06   1.55863e-07   1.55863e-07   0.00273331   0.00129243   0.00147909   0.00163906   0.00193196   0.00203174   0.0023676   0.00267268   0.00315542   0.00341079   1.55863e-07   0.00391933   0.0045173   0.00515903   0.00582311   0.00685693   0.00791534   0.00916078   0.0109102   0.0120751   0.0138915   1.55863e-07   1.55863e-07   1   0.0174697   0.0242306   0.033491   4.78419e-06   -1.01233e-07   -1.01233e-07   0.000913369   0.00031859   0.000388105   0.000491023   0.000583875   0.00058486   0.000651364   0.000800599   0.000869602   0.000999818   -1.01233e-07   0.0011804   0.00146567   0.00182189   0.00206289   0.00261628   0.00393296   0.00436238   0.00552194   0.00747346   0.00989488   -1.01233e-07   -1.01233e-07   -0.000149935   4.30596e-05   
-1.4199e-06   2.20038e-07   2.38451e-07   -8.72386e-09   -8.65064e-09   -8.4013e-09   -1.71148e-08   -1.71148e-08   7.08305e-08   1.1347e-05   6.01562e-08   1.13539e-05   6.3045e-08   6.62553e-08   6.76635e-08   3.74449e-08   2.30119e-06   4.56458e-08   -1.71148e-08   2.30961e-06   5.83448e-08   2.32262e-06   1.13847e-05   2.34087e-06   9.61813e-08   1.10167e-07   1.29768e-07   1.78523e-07   1.97362e-07   -1.71148e-08   1   1.55863e-07   1.97238e-07   3.05071e-07   4.05129e-07   -7.74657e-09   -8.8278e-09   -8.8278e-09   5.26735e-08   1.18048e-08   1.26537e-08   1.37768e-08   1.45188e-08   1.46604e-08   5.07746e-08   1.67722e-08   1.73503e-08   5.4341e-08   -8.8278e-09   5.59224e-08   2.37002e-08   6.24307e-08   2.98036e-08   7.14451e-08   4.97154e-08   5.45479e-08   1.02274e-07   8.85211e-08   1.14633e-07   -8.8278e-09   -8.8278e-09   1.12953e-05   -8.7156e-09   
-1.4199e-06   2.20038e-07   2.38451e-07   -8.72386e-09   -8.65064e-09   -8.4013e-09   -1.71148e-08   -1.71148e-08   7.08305e-08   1.1347e-05   6.01562e-08   1.13539e-05   6.3045e-08   6.62553e-08   6.76635e-08   3.74449e-08   2.30119e-06   4.56458e-08   -1.71148e-08   2.30961e-06   5.83448e-08   2.32262e-06   1.13847e-05   2.34087e-06   9.61813e-08   1.10167e-07   1.29768e-07   1.78523e-07   1.97362e-07   1   -1.71148e-08   1.55863e-07   1.97238e-07   3.05071e-07   4.05129e-07   -7.74657e-09   -8.8278e-09   -8.8278e-09   5.26735e-08   1.18048e-08   1.26537e-08   1.37768e-08   1.45188e-08   1.46604e-08   5.07746e-08   1.67722e-08   1.73503e-08   5.4341e-08   -8.8278e-09   5.59224e-08   2.37002e-08   6.24307e-08   2.98036e-08   7.14451e-08   4.97154e-08   5.45479e-08   1.02274e-07   8.85211e-08   1.14633e-07   -8.8278e-09   -8.8278e-09   1.12953e-05   -8.7156e-09   
-0.118837   0.0161319   0.0177767   2.98789e-05   3.96641e-06   1.66916e-06   1.97362e-07   1.97362e-07   0.00277901   0.00131402   0.00150384   0.00166647   0.00196428   0.00206573   0.0024072   0.0027174   0.00320822   0.00346787   1.97362e-07   0.00398491   0.0045929   0.00524537   0.00592055   0.00697169   0.00804782   0.00931411   0.0110928   0.0122773   1   1.97362e-07   1.97362e-07   0.0138915   0.0177619   0.0246359   0.0340513   4.89756e-06   -1.0291e-07   -1.0291e-07   0.000928607   0.000323905   0.000394586   0.000499226   0.000593623   0.000594629   0.000662248   0.000813969   0.000884122   0.00101653   -1.0291e-07   0.00120011   0.00149016   0.00185233   0.00209736   0.00266002   0.0039987   0.00443531   0.00561427   0.00759845   0.0100604   -1.0291e-07   -1.0291e-07   0.000202777   -1.3871e-05   
-0.1033   0.0140226   0.0154523   2.59702e-05   3.44899e-06   1.45092e-06   1.78523e-07   1.78523e-07   0.00241564   0.0011422   0.00130721   0.00144857   0.00170744   0.00179563   0.00209245   0.00236209   0.00278873   0.00301443   1.78523e-07   0.00346387   0.00399236   0.00455952   0.00514642   0.00606012   0.00699554   0.00809626   0.0096424   1   0.0122773   1.78523e-07   1.78523e-07   0.0120751   0.0154395   0.0214147   0.0295989   4.2666e-06   -8.94488e-08   -8.94488e-08   0.000807175   0.000281548   0.000342988   0.000433946   0.000515998   0.000516874   0.000575652   0.000707532   0.000768511   0.000883606   -8.94488e-08   0.00104318   0.0012953   0.00161011   0.0018231   0.0023122   0.00347584   0.00385536   0.00488016   0.00660491   0.00874492   -8.94488e-08   -8.94488e-08   0.000278622   -1.88269e-05   
-0.0933333   0.0126698   0.0139616   2.34659e-05   3.11553e-06   1.31094e-06   1.29768e-07   1.29768e-07   0.0021826   0.00103201   0.0011811   0.00130882   0.00154272   0.0016224   0.00189059   0.00213421   0.00251969   0.00272362   1.29768e-07   0.0031297   0.0036072   0.00411964   0.00464992   0.00547548   0.00632065   0.00731518   1   0.0096424   0.0110928   1.29768e-07   1.29768e-07   0.0109102   0.01395   0.0193487   0.0267434   3.8493e-06   -8.08223e-08   -8.08223e-08   0.000729312   0.000254389   0.000309901   0.000392084   0.000466222   0.000467012   0.00052012   0.000639278   0.000694375   0.000798365   -8.08223e-08   0.000942551   0.00117035   0.00145479   0.00164723   0.00208914   0.00314052   0.00348343   0.00440936   0.00596772   0.00790128   -8.08223e-08   -8.08223e-08   0.000191784   -3.55439e-06   
-0.0783673   0.0106382   0.0117229   1.97036e-05   2.61575e-06   1.10073e-06   1.10167e-07   1.10167e-07   0.00183263   0.000866534   0.000991711   0.00109896   0.00129535   0.00136225   0.00158744   0.001792   0.00211566   0.00228689   1.10167e-07   0.00262786   0.0030288   0.00345907   0.00390432   0.00459749   0.00530715   1   0.00731518   0.00809626   0.00931411   1.10167e-07   1.10167e-07   0.00916078   0.0117131   0.0162462   0.0224552   3.23048e-06   -6.78636e-08   -6.78636e-08   0.000612371   0.000213599   0.00026021   0.000329215   0.000391465   0.000392129   0.00043672   0.000536773   0.000583035   0.00067035   -6.78636e-08   0.000791417   0.000982687   0.00122152   0.0013831   0.00175416   0.00263695   0.00292487   0.00370234   0.00501081   0.00663433   -6.78636e-08   -6.78636e-08   0.000142324   -8.80184e-06   
-0.0677127   0.00919188   0.0101291   1.70252e-05   2.2599e-06   9.51079e-07   9.61813e-08   9.61813e-08   0.00158348   0.000748727   0.000856884   0.000949551   0.00111924   0.00117705   0.00137162   0.00154837   0.00182803   0.00197598   9.61813e-08   0.00227059   0.00261702   0.00298879   0.00337351   0.00397245   1   0.00530715   0.00632065   0.00699554   0.00804782   9.61813e-08   9.61813e-08   0.00791534   0.0101207   0.0140375   0.0194023   2.78947e-06   -5.86382e-08   -5.86382e-08   0.000529119   0.00018456   0.000224834   0.000284458   0.000338245   0.000338818   0.000377348   0.000463798   0.000503771   0.000579215   -5.86382e-08   0.000683823   0.000849089   0.00105545   0.00119507   0.00151567   0.00227845   0.00252723   0.00319899   0.00432958   0.00573237   -5.86382e-08   -5.86382e-08   0.00010406   -2.26426e-06   
-0.0586584   0.00796277   0.00877466   1.47487e-05   1.95767e-06   3.08032e-06   2.34087e-06   2.34087e-06   0.00136046   0.000637335   0.000742304   0.000811302   0.000958299   0.00101966   0.00117693   0.00133907   0.00158134   0.0017095   2.34087e-06   0.00196472   0.00226708   0.00258689   0.00291115   1   0.00397245   0.00459749   0.00547548   0.00606012   0.00697169   2.34087e-06   2.34087e-06   0.00685693   0.00876739   0.0121604   0.0168079   2.41617e-06   -5.07976e-08   -5.07976e-08   0.000458367   0.000159882   0.00019477   0.000246421   0.000293016   0.000293513   0.00032689   0.000401781   0.000436409   0.000501764   -5.07976e-08   0.000592385   0.000735552   0.00091432   0.00103527   0.001313   0.00197378   0.0021893   0.00277124   0.00375064   0.00496586   -5.07976e-08   -5.07976e-08   8.70933e-05   -8.83047e-07   
-0.0498138   0.0067622   0.00745168   1.25259e-05   1.66198e-06   1.19767e-05   1.13847e-05   1.13847e-05   0.00110856   0.00049447   0.000630386   0.000642195   0.000767018   0.000865922   0.0009527   0.00112782   0.00133356   0.0014424   1.13847e-05   0.00165914   0.00192527   0.0021875   1   0.00291115   0.00337351   0.00390432   0.00464992   0.00514642   0.00592055   1.13847e-05   1.13847e-05   0.00582311   0.00744552   0.010327   0.0142738   2.04772e-06   -4.31414e-08   -4.31414e-08   0.000389264   0.000135778   0.000165406   0.000209269   0.000248841   0.000249262   0.000277606   0.000341207   0.000370615   0.000426115   -4.31414e-08   0.000503074   0.000624656   0.000776473   0.000879186   0.00111505   0.0016762   0.00185922   0.00235342   0.00318516   0.00421716   -4.31414e-08   -4.31414e-08   2.88831e-05   2.63809e-06   
-0.0441332   0.00599103   0.00660188   1.1097e-05   1.47266e-06   2.87701e-06   2.32262e-06   2.32262e-06   0.00102079   0.000476725   0.000558496   0.000607613   0.00071821   0.000767171   0.000882706   0.00100693   0.00118921   0.00128564   2.32262e-06   0.00147766   0.00170571   1   0.0021875   0.00258689   0.00298879   0.00345907   0.00411964   0.00455952   0.00524537   2.32262e-06   2.32262e-06   0.00515903   0.00659642   0.00914929   0.012646   1.8159e-06   -3.82202e-08   -3.82202e-08   0.00034487   0.000120293   0.000146542   0.000185403   0.000220461   0.000220835   0.000245947   0.000302294   0.000328348   0.000377519   -3.82202e-08   0.000445701   0.000553418   0.00068792   0.00077892   0.000987882   0.00148504   0.00164719   0.00208503   0.00282192   0.00373623   -3.82202e-08   -3.82202e-08   4.44213e-05   2.6726e-06   
-0.0386434   0.00524581   0.00578068   9.71687e-06   1.28938e-06   5.42779e-07   5.83448e-08   5.83448e-08   0.000903695   0.000427303   0.000489025   0.000541912   0.000638753   0.000683036   0.000782786   0.000883657   0.00104326   0.00112769   5.83448e-08   0.00129583   1   0.00170571   0.00192527   0.00226708   0.00261702   0.0030288   0.0036072   0.00399236   0.0045929   5.83448e-08   5.83448e-08   0.0045173   0.0057759   0.00801123   0.0110729   1.58921e-06   -3.34664e-08   -3.34664e-08   0.000301973   0.00010533   0.000128314   0.000162342   0.000193039   0.000193366   0.000215354   0.000264693   0.000287506   0.000330561   -3.34664e-08   0.000390262   0.00048458   0.000602352   0.000682032   0.000865001   0.00130032   0.0014423   0.00182568   0.0024709   0.00327148   -3.34664e-08   -3.34664e-08   2.90772e-05   -1.89621e-06   
-0.0335277   0.00455139   0.00501545   8.43094e-06   1.11849e-06   2.72895e-06   2.30961e-06   2.30961e-06   0.000772784   0.000359456   0.000424291   0.000458891   0.000542909   0.000582821   0.000667879   0.000764425   0.000902902   0.000976158   2.30961e-06   1   0.00129583   0.00147766   0.00165914   0.00196472   0.00227059   0.00262786   0.0031297   0.00346387   0.00398491   2.30961e-06   2.30961e-06   0.00391933   0.00501132   0.00695074   0.00960717   1.37725e-06   -2.90373e-08   -2.90373e-08   0.000262001   9.1388e-05   0.000111329   0.000140852   0.000167486   0.00016777   0.000186847   0.000229655   0.000249449   0.000286804   -2.90373e-08   0.000338602   0.000420435   0.000522618   0.00059175   0.000750498   0.00112819   0.00125138   0.00158401   0.00214382   0.00283842   -2.90373e-08   -2.90373e-08   7.69909e-06   -2.11196e-06   
-1.4199e-06   2.20038e-07   2.38451e-07   -8.72386e-09   -8.65064e-09   -8.4013e-09   -1.71148e-08   -1.71148e-08   7.08305e-08   1.1347e-05   6.01562e-08   1.13539e-05   6.3045e-08   6.62553e-08   6.76635e-08   3.74449e-08   2.30119e-06   4.56458e-08   1   2.30961e-06   5.83448e-08   2.32262e-06   1.13847e-05   2.34087e-06   9.61813e-08   1.10167e-07   1.29768e-07   1.78523e-07   1.97362e-07   -1.71148e-08   -1.71148e-08   1.55863e-07   1.97238e-07   3.05071e-07   4.05129e-07   -7.74657e-09   -8.8278e-09   -8.8278e-09   5.26735e-08   1.18048e-08   1.26537e-08   1.37768e-08   1.45188e-08   1.46604e-08   5.07746e-08   1.67722e-08   1.73503e-08   5.4341e-08   -8.8278e-09   5.59224e-08   2.37002e-08   6.24307e-08   2.98036e-08   7.14451e-08   4.97154e-08   5.45479e-08   1.02274e-07   8.85211e-08   1.14633e-07   -8.8278e-09   -8.8278e-09   1.12953e-05   -8.7156e-09   
-0.0291775   0.00396085   0.0043647   7.33701e-06   9.73387e-07   4.09421e-07   4.56458e-08   4.56458e-08   0.000682338   0.000311349   0.000369239   0.000397881   0.000482293   0.0005072   0.000591044   0.000667205   0.000785457   1   4.56458e-08   0.000976158   0.00112769   0.00128564   0.0014424   0.0017095   0.00197598   0.00228689   0.00272362   0.00301443   0.00346787   4.56458e-08   4.56458e-08   0.00341079   0.0043611   0.00604888   0.00836063   1.19872e-06   -2.52695e-08   -2.52695e-08   0.000228006   7.95303e-05   9.68842e-05   0.000122577   0.000145755   0.000146001   0.000162604   0.000199857   0.000217082   0.000249591   -2.52695e-08   0.000294668   0.000365883   0.000454808   0.00051497   0.000653121   0.00098181   0.00108901   0.00137848   0.00186566   0.00247013   -2.52695e-08   -2.52695e-08   7.43539e-06   -7.14603e-06   
-0.0269928   0.00366429   0.0040379   6.78777e-06   9.00419e-07   2.63713e-06   2.30119e-06   2.30119e-06   0.000619963   0.000287196   0.000341593   0.000367249   0.000446182   0.000469225   0.000535504   0.000614992   1   0.000785457   2.30119e-06   0.000902902   0.00104326   0.00118921   0.00133356   0.00158134   0.00182803   0.00211566   0.00251969   0.00278873   0.00320822   2.30119e-06   2.30119e-06   0.00315542   0.00403457   0.00559598   0.00773465   1.10828e-06   -2.33779e-08   -2.33779e-08   0.000210936   7.35759e-05   8.96305e-05   0.000113399   0.000134842   0.00013507   0.000150429   0.000184894   0.000200829   0.000230903   -2.33779e-08   0.000272607   0.000338489   0.000420756   0.000476414   0.00060422   0.000908301   0.00100747   0.00127527   0.00172597   0.00228519   -2.33779e-08   -2.33779e-08   1.62457e-06   5.01557e-06   
-0.0228632   0.0031037   0.00342015   5.7495e-06   7.62583e-07   3.20732e-07   3.74449e-08   3.74449e-08   0.000534679   0.000241528   0.000289334   0.000309334   0.000377923   0.00039744   0.000463141   1   0.000614992   0.000667205   3.74449e-08   0.000764425   0.000883657   0.00100693   0.00112782   0.00133907   0.00154837   0.001792   0.00213421   0.00236209   0.0027174   3.74449e-08   3.74449e-08   0.00267268   0.00341734   0.00473988   0.00655136   9.38078e-07   -1.98017e-08   -1.98017e-08   0.000178667   6.23202e-05   7.59185e-05   9.6051e-05   0.000114214   0.000114407   0.000127416   0.000156608   0.000170106   0.000195579   -1.98017e-08   0.000230902   0.000286706   0.000356387   0.00040353   0.000511784   0.000769345   0.000853346   0.00108017   0.00146192   0.00193559   -1.98017e-08   -1.98017e-08   -7.09452e-06   -2.36317e-06   
-0.0202532   0.0027494   0.00302973   5.09342e-06   6.75383e-07   2.82461e-07   6.76635e-08   6.76635e-08   0.000473654   0.000167532   0.000256306   0.000227586   0.000334791   0.000352071   1   0.000463141   0.000535504   0.000591044   6.76635e-08   0.000667879   0.000782786   0.000882706   0.0009527   0.00117693   0.00137162   0.00158744   0.00189059   0.00209245   0.0024072   6.76635e-08   6.76635e-08   0.0023676   0.00302725   0.00419882   0.00580351   8.2982e-07   -1.75419e-08   -1.75419e-08   0.000158273   5.52068e-05   6.72528e-05   8.5087e-05   0.000101177   0.000101348   0.000112872   0.000138732   0.000150689   0.000173254   -1.75419e-08   0.000204546   0.000253979   0.000315707   0.000357468   0.000453364   0.000681525   0.000755937   0.000956872   0.00129504   0.00171464   -1.75419e-08   -1.75419e-08   -1.81688e-05   3.19077e-06   
-0.0173804   0.00235939   0.00259996   4.37057e-06   5.79788e-07   2.44123e-07   6.62553e-08   6.62553e-08   0.000406453   0.000192188   0.000219948   0.000243735   0.00028729   1   0.000352071   0.00039744   0.000469225   0.0005072   6.62553e-08   0.000582821   0.000683036   0.000767171   0.000865922   0.00101966   0.00117705   0.00136225   0.0016224   0.00179563   0.00206573   6.62553e-08   6.62553e-08   0.00203174   0.00259781   0.00360319   0.00498025   7.13761e-07   -1.50527e-08   -1.50527e-08   0.000135819   4.73747e-05   5.7712e-05   7.30164e-05   8.68233e-05   8.69701e-05   9.68597e-05   0.000119051   0.000129312   0.000148676   -1.50527e-08   0.000175528   0.000217949   0.00027092   0.000306757   0.00038905   0.000584844   0.0006487   0.000821132   0.00111133   0.00147141   -1.50527e-08   -1.50527e-08   7.06015e-07   -6.94643e-06   
-0.0165266   0.00224351   0.00247226   4.15614e-06   5.5116e-07   2.30143e-07   6.3045e-08   6.3045e-08   0.000386503   0.000126308   0.000209146   0.00017531   1   0.00028729   0.000334791   0.000377923   0.000446182   0.000482293   6.3045e-08   0.000542909   0.000638753   0.00071821   0.000767018   0.000958299   0.00111924   0.00129535   0.00154272   0.00170744   0.00196428   6.3045e-08   6.3045e-08   0.00193196   0.00247023   0.00342623   0.00473567   6.77505e-07   -1.4314e-08   -1.4314e-08   0.00012915   4.50485e-05   5.48781e-05   6.94308e-05   8.256e-05   8.26995e-05   9.21032e-05   0.000113205   0.000122962   0.000141375   -1.4314e-08   0.000166909   0.000207246   0.000257616   0.000291693   0.000369945   0.000556124   0.000616844   0.000780807   0.00105676   0.00139915   -1.4314e-08   -1.4314e-08   -1.03173e-05   4.68336e-06   
-0.0140206   0.00190337   0.00209744   3.52669e-06   4.67196e-07   1.14894e-05   1.13539e-05   1.13539e-05   0.000271462   9.86166e-05   0.000177438   1   0.00017531   0.000243735   0.000227586   0.000309334   0.000367249   0.000397881   1.13539e-05   0.000458891   0.000541912   0.000607613   0.000642195   0.000811302   0.000949551   0.00109896   0.00130882   0.00144857   0.00166647   1.13539e-05   1.13539e-05   0.00163906   0.00209573   0.00290679   0.00401771   5.71656e-07   -1.21461e-08   -1.21461e-08   0.000109574   3.82203e-05   4.65594e-05   5.89058e-05   7.00453e-05   7.01632e-05   7.8141e-05   9.60445e-05   0.000104323   0.000119943   -1.21461e-08   0.000141607   0.00017583   0.000218564   0.000247475   0.000313862   0.000471817   0.000523331   0.000662436   0.000896548   0.00118703   -1.21461e-08   -1.21461e-08   -4.28879e-05   5.68322e-06   
-0.0126528   0.00171762   0.00189275   3.18184e-06   4.22026e-07   1.77719e-07   6.01562e-08   6.01562e-08   0.000295896   0.000139912   1   0.000177438   0.000209146   0.000219948   0.000256306   0.000289334   0.000341593   0.000369239   6.01562e-08   0.000424291   0.000489025   0.000558496   0.000630386   0.000742304   0.000856884   0.000991711   0.0011811   0.00130721   0.00150384   6.01562e-08   6.01562e-08   0.00147909   0.00189119   0.0026231   0.0036256   5.19177e-07   -1.09585e-08   -1.09585e-08   9.88761e-05   3.44887e-05   4.20142e-05   5.31557e-05   6.32072e-05   6.3314e-05   7.05135e-05   8.66686e-05   9.41386e-05   0.000108236   -1.09585e-08   0.000127784   0.000158666   0.000197229   0.000223318   0.000283227   0.000425764   0.000472251   0.00059778   0.000809045   0.00107118   -1.09585e-08   -1.09585e-08   -4.30026e-06   -5.05705e-06   
-0.0110548   0.00150081   0.00165383   2.78176e-06   3.67828e-07   1.14451e-05   1.1347e-05   1.1347e-05   0.000202132   1   0.000139912   9.86166e-05   0.000126308   0.000192188   0.000167532   0.000241528   0.000287196   0.000311349   1.1347e-05   0.000359456   0.000427303   0.000476725   0.00049447   0.000637335   0.000748727   0.000866534   0.00103201   0.0011422   0.00131402   1.1347e-05   1.1347e-05   0.00129243   0.00165252   0.00229205   0.00316802   4.46386e-07   -9.57975e-09   -9.57975e-09   8.64065e-05   3.01392e-05   3.67143e-05   4.64496e-05   5.52343e-05   5.53268e-05   6.1617e-05   7.57356e-05   8.22637e-05   9.45795e-05   -9.57975e-09   0.000111664   0.000138648   0.000172347   0.000195143   0.000247489   0.000372041   0.00041266   0.000522347   0.000706946   0.000935996   -9.57975e-09   -9.57975e-09   -8.14613e-05   6.86599e-06   
-0.0233807   0.00317406   0.00349769   5.8815e-06   7.78923e-07   3.26393e-07   7.08305e-08   7.08305e-08   1   0.000202132   0.000295896   0.000271462   0.000386503   0.000406453   0.000473654   0.000534679   0.000619963   0.000682338   7.08305e-08   0.000772784   0.000903695   0.00102079   0.00110856   0.00136046   0.00158348   0.00183263   0.0021826   0.00241564   0.00277901   7.08305e-08   7.08305e-08   0.00273331   0.00349486   0.00484739   0.00669996   9.5193e-07   -2.02549e-08   -2.02549e-08   0.000182729   6.37372e-05   7.76433e-05   9.82323e-05   0.000116809   0.000117005   0.000130309   0.000160165   0.000173971   0.000200019   -2.02549e-08   0.000236147   0.000293216   0.000364481   0.000412693   0.0005234   0.000786807   0.000872712   0.00110469   0.00149509   0.0019795   -2.02549e-08   -2.02549e-08   -9.03309e-05   -9.34801e-06   
-1.4199e-06   2.20038e-07   2.38451e-07   -8.72386e-09   -8.65064e-09   -8.4013e-09   -1.71148e-08   1   7.08305e-08   1.1347e-05   6.01562e-08   1.13539e-05   6.3045e-08   6.62553e-08   6.76635e-08   3.74449e-08   2.30119e-06   4.56458e-08   -1.71148e-08   2.30961e-06   5.83448e-08   2.32262e-06   1.13847e-05   2.34087e-06   9.61813e-08   1.10167e-07   1.29768e-07   1.78523e-07   1.97362e-07   -1.71148e-08   -1.71148e-08   1.55863e-07   1.97238e-07   3.05071e-07   4.05129e-07   -7.74657e-09   -8.8278e-09   -8.8278e-09   5.26735e-08   1.18048e-08   1.26537e-08   1.37768e-08   1.45188e-08   1.46604e-08   5.07746e-08   1.67722e-08   1.73503e-08   5.4341e-08   -8.8278e-09   5.59224e-08   2.37002e-08   6.24307e-08   2.98036e-08   7.14451e-08   4.97154e-08   5.45479e-08   1.02274e-07   8.85211e-08   1.14633e-07   -8.8278e-09   -8.8278e-09   1.12953e-05   -8.7156e-09   
-1.4199e-06   2.20038e-07   2.38451e-07   -8.72386e-09   -8.65064e-09   -8.4013e-09   1   -1.71148e-08   7.08305e-08   1.1347e-05   6.01562e-08   1.13539e-05   6.3045e-08   6.62553e-08   6.76635e-08   3.74449e-08   2.30119e-06   4.56458e-08   -1.71148e-08   2.30961e-06   5.83448e-08   2.32262e-06   1.13847e-05   2.34087e-06   9.61813e-08   1.10167e-07   1.29768e-07   1.78523e-07   1.97362e-07   -1.71148e-08   -1.71148e-08   1.55863e-07   1.97238e-07   3.05071e-07   4.05129e-07   -7.74657e-09   -8.8278e-09   -8.8278e-09   5.26735e-08   1.18048e-08   1.26537e-08   1.37768e-08   1.45188e-08   1.46604e-08   5.07746e-08   1.67722e-08   1.73503e-08   5.4341e-08   -8.8278e-09   5.59224e-08   2.37002e-08   6.24307e-08   2.98036e-08   7.14451e-08   4.97154e-08   5.45479e-08   1.02274e-07   8.85211e-08   1.14633e-07   -8.8278e-09   -8.8278e-09   1.12953e-05   -8.7156e-09   
-1.40451e-05   1.90645e-06   2.10084e-06   3.52911e-09   4.69895e-10   1   -8.4013e-09   -8.4013e-09   3.26393e-07   1.14451e-05   1.77719e-07   1.14894e-05   2.30143e-07   2.44123e-07   2.82461e-07   3.20732e-07   2.63713e-06   4.09421e-07   -8.4013e-09   2.72895e-06   5.42779e-07   2.87701e-06   1.19767e-05   3.08032e-06   9.51079e-07   1.10073e-06   1.31094e-06   1.45092e-06   1.66916e-06   -8.4013e-09   -8.4013e-09   1.64165e-06   2.09904e-06   2.91139e-06   4.02407e-06   5.87767e-10   -1.21564e-11   -1.21564e-11   1.09728e-07   3.82739e-08   4.66275e-08   5.89936e-08   7.01469e-08   7.02669e-08   7.82587e-08   9.61858e-08   1.04475e-07   1.20125e-07   -1.21564e-11   1.41817e-07   1.76093e-07   2.18889e-07   2.47847e-07   3.14344e-07   4.72539e-07   5.24137e-07   6.63461e-07   8.9795e-07   1.18889e-06   -1.21564e-11   -1.21564e-11   1.22207e-07   -4.94555e-09   
-3.35049e-05   4.5313e-06   4.99367e-06   8.16082e-09   1   4.69895e-10   -8.65064e-09   -8.65064e-09   7.78923e-07   3.67828e-07   4.22026e-07   4.67196e-07   5.5116e-07   5.79788e-07   6.75383e-07   7.62583e-07   9.00419e-07   9.73387e-07   -8.65064e-09   1.11849e-06   1.28938e-06   1.47266e-06   1.66198e-06   1.95767e-06   2.2599e-06   2.61575e-06   3.11553e-06   3.44899e-06   3.96641e-06   -8.65064e-09   -8.65064e-09   3.89692e-06   4.98314e-06   6.91228e-06   9.55493e-06   2.47227e-09   -2.83102e-11   -2.83102e-11   2.59161e-07   9.03973e-08   1.10314e-07   1.39701e-07   1.65911e-07   1.66326e-07   1.85402e-07   2.27614e-07   2.47168e-07   2.84632e-07   -2.83102e-11   3.3571e-07   4.17104e-07   5.18281e-07   5.871e-07   7.45347e-07   1.12025e-06   1.24292e-06   1.57359e-06   2.13078e-06   2.82147e-06   -2.83102e-11   -2.83102e-11   1.16866e-05   -2.27208e-06   
-0.000251172   3.41249e-05   3.76036e-05   1   8.16082e-09   3.52911e-09   -8.72386e-09   -8.72386e-09   5.8815e-06   2.78176e-06   3.18184e-06   3.52669e-06   4.15614e-06   4.37057e-06   5.09342e-06   5.7495e-06   6.78777e-06   7.33701e-06   -8.72386e-09   8.43094e-06   9.71687e-06   1.1097e-05   1.25259e-05   1.47487e-05   1.70252e-05   1.97036e-05   2.34659e-05   2.59702e-05   2.98789e-05   -8.72386e-09   -8.72386e-09   2.9394e-05   3.75829e-05   5.2127e-05   7.20478e-05   8.56505e-09   -2.18704e-10   -2.18704e-10   1.96716e-06   6.86165e-07   8.35555e-07   1.05695e-06   1.25713e-06   1.25904e-06   1.40195e-06   1.72352e-06   1.87225e-06   2.15187e-06   -2.18704e-10   2.54101e-06   3.15472e-06   3.92175e-06   4.4401e-06   5.63001e-06   8.46367e-06   9.38715e-06   1.18819e-05   1.60794e-05   2.12886e-05   -2.18704e-10   -2.18704e-10   -1.93619e-05   -1.00366e-07   
-0.149571   0.0203038   1   3.76036e-05   4.99367e-06   2.10084e-06   2.38451e-07   2.38451e-07   0.00349769   0.00165383   0.00189275   0.00209744   0.00247226   0.00259996   0.00302973   0.00342015   0.0040379   0.0043647   2.38451e-07   0.00501545   0.00578068   0.00660188   0.00745168   0.00877466   0.0101291   0.0117229   0.0139616   0.0154523   0.0177767   2.38451e-07   2.38451e-07   0.017484   0.0223553   0.0310071   0.0428573   6.17584e-06   -1.29517e-07   -1.29517e-07   0.00116874   0.000407665   0.000496625   0.000628327   0.000747133   0.000748401   0.000833508   0.00102446   0.00111276   0.00127941   -1.29517e-07   0.00151047   0.00187552   0.00233134   0.00263974   0.00334792   0.00503279   0.00558231   0.00706616   0.00956348   0.0126621   -1.29517e-07   -1.29517e-07   0.000380213   -3.7383e-05   
-0.135731   1   0.0203038   3.41249e-05   4.5313e-06   1.90645e-06   2.20038e-07   2.20038e-07   0.00317406   0.00150081   0.00171762   0.00190337   0.00224351   0.00235939   0.0027494   0.0031037   0.00366429   0.00396085   2.20038e-07   0.00455139   0.00524581   0.00599103   0.0067622   0.00796277   0.00919188   0.0106382   0.0126698   0.0140226   0.0161319   2.20038e-07   2.20038e-07   0.0158663   0.0202869   0.0281381   0.0388919   5.6019e-06   -1.17535e-07   -1.17535e-07   0.0010606   0.000369946   0.000450675   0.000570191   0.000678005   0.000679155   0.000756388   0.000929674   0.0010098   0.00116103   -1.17535e-07   0.00137071   0.00170199   0.00211563   0.0023955   0.00303815   0.00456713   0.0050658   0.00641236   0.00867861   0.0114905   -1.17535e-07   -1.17535e-07   0.00031332   -5.42495e-05   
1   -0.135731   -0.149571   -0.000251172   -3.35049e-05   -1.40451e-05   -1.4199e-06   -1.4199e-06   -0.0233807   -0.0110548   -0.0126528   -0.0140206   -0.0165266   -0.0173804   -0.0202532   -0.0228632   -0.0269928   -0.0291775   -1.4199e-06   -0.0335277   -0.0386434   -0.0441332   -0.0498138   -0.0586584   -0.0677127   -0.0783673   -0.0933333   -0.1033   -0.118837   -1.4199e-06   -1.4199e-06   -0.116877   -0.149441   -0.207276   -0.286494   -4.22398e-05   8.65291e-07   8.65291e-07   -0.00781158   -0.00272473   -0.0033195   -0.00419991   -0.00499387   -0.00500246   -0.00557147   -0.00684767   -0.00743775   -0.00855205   8.65291e-07   -0.0100963   -0.0125366   -0.0155833   -0.0176449   -0.0223793   -0.0336418   -0.0373154   -0.0472345   -0.0639291   -0.0846426   8.65291e-07   8.65291e-07   -0.0130238   0.000399695   


NLL
-2701.09

