NUISANCE_PARAMETERS
Dummy  -7.46781e-05 +0.993354 -0.993354
gamma_stat_CR1_ST_bin_0  3.00651e-08 +53601.2 -53601.2
gamma_stat_CR1_ST_bin_1  3.00651e-08 +53601.2 -53601.2
gamma_stat_CR1_ST_bin_10  0.989008 +0.00206486 -0.00206486
gamma_stat_CR1_ST_bin_11  0.99294 +0.00250196 -0.00250196
gamma_stat_CR1_ST_bin_12  0.990469 +0.00289453 -0.00289453
gamma_stat_CR1_ST_bin_13  0.987879 +0.003554 -0.003554
gamma_stat_CR1_ST_bin_14  0.98031 +0.00494143 -0.00494143
gamma_stat_CR1_ST_bin_15  0.986778 +0.00487289 -0.00487289
gamma_stat_CR1_ST_bin_16  0.988876 +0.00557279 -0.00557279
gamma_stat_CR1_ST_bin_17  0.983879 +0.00673124 -0.00673124
gamma_stat_CR1_ST_bin_18  0.986952 +0.00759068 -0.00759068
gamma_stat_CR1_ST_bin_19  0.986049 +0.00823227 -0.00823227
gamma_stat_CR1_ST_bin_2  3.00651e-08 +53601.2 -53601.2
gamma_stat_CR1_ST_bin_20  0.972545 +0.00910012 -0.00910012
gamma_stat_CR1_ST_bin_21  0.976472 +0.0106322 -0.0106322
gamma_stat_CR1_ST_bin_22  0.981829 +0.0123023 -0.0123023
gamma_stat_CR1_ST_bin_23  0.978485 +0.0124634 -0.0124634
gamma_stat_CR1_ST_bin_24  0.978481 +0.0146877 -0.0146877
gamma_stat_CR1_ST_bin_25  0.953194 +0.0185356 -0.0185356
gamma_stat_CR1_ST_bin_26  0.98099 +0.018949 -0.018949
gamma_stat_CR1_ST_bin_27  0.979402 +0.0185255 -0.0185255
gamma_stat_CR1_ST_bin_28  0.974097 +0.0207499 -0.0207499
gamma_stat_CR1_ST_bin_29  0.948349 +0.0130077 -0.0130077
gamma_stat_CR1_ST_bin_3  3.00651e-08 +53601.2 -53601.2
gamma_stat_CR1_ST_bin_4  3.00651e-08 +53601.2 -53601.2
gamma_stat_CR1_ST_bin_5  1.01251 +3.83443e-05 -3.83443e-05
gamma_stat_CR1_ST_bin_6  1.00108 +0.00123623 -0.00123623
gamma_stat_CR1_ST_bin_7  0.993776 +0.00121248 -0.00121248
gamma_stat_CR1_ST_bin_8  0.992608 +0.00137726 -0.00137726
gamma_stat_CR1_ST_bin_9  0.988482 +0.0017466 -0.0017466
gamma_stat_CR2_ST_bin_0  3.05376e-08 +53747.1 -53747.1
gamma_stat_CR2_ST_bin_1  3.05376e-08 +53747.1 -53747.1
gamma_stat_CR2_ST_bin_10  0.9989 +0.00149223 -0.00149223
gamma_stat_CR2_ST_bin_11  0.995891 +0.00158779 -0.00158779
gamma_stat_CR2_ST_bin_12  0.995267 +0.00180204 -0.00180204
gamma_stat_CR2_ST_bin_13  0.991118 +0.00192788 -0.00192788
gamma_stat_CR2_ST_bin_14  0.990915 +0.00213694 -0.00213694
gamma_stat_CR2_ST_bin_15  0.991564 +0.00238533 -0.00238533
gamma_stat_CR2_ST_bin_16  0.989092 +0.00263505 -0.00263505
gamma_stat_CR2_ST_bin_17  0.988726 +0.0029454 -0.0029454
gamma_stat_CR2_ST_bin_18  0.986016 +0.00329287 -0.00329287
gamma_stat_CR2_ST_bin_19  0.98263 +0.00366597 -0.00366597
gamma_stat_CR2_ST_bin_2  3.05376e-08 +53747.1 -53747.1
gamma_stat_CR2_ST_bin_20  0.984287 +0.00408233 -0.00408233
gamma_stat_CR2_ST_bin_21  0.98122 +0.00461997 -0.00461997
gamma_stat_CR2_ST_bin_22  0.981337 +0.00503262 -0.00503262
gamma_stat_CR2_ST_bin_23  0.981893 +0.00552119 -0.00552119
gamma_stat_CR2_ST_bin_24  0.979143 +0.00607227 -0.00607227
gamma_stat_CR2_ST_bin_25  0.974533 +0.00679682 -0.00679682
gamma_stat_CR2_ST_bin_26  0.97908 +0.00715495 -0.00715495
gamma_stat_CR2_ST_bin_27  0.974691 +0.00783644 -0.00783644
gamma_stat_CR2_ST_bin_28  0.974298 +0.00845223 -0.00845223
gamma_stat_CR2_ST_bin_29  0.966943 +0.00351148 -0.00351148
gamma_stat_CR2_ST_bin_3  3.05376e-08 +53747.1 -53747.1
gamma_stat_CR2_ST_bin_4  3.05376e-08 +53747.1 -53747.1
gamma_stat_CR2_ST_bin_5  1.08937 +0.0001623 -0.0001623
gamma_stat_CR2_ST_bin_6  1.02664 +9.03075e-05 -9.03075e-05
gamma_stat_CR2_ST_bin_7  1.01202 +0.00014744 -0.00014744
gamma_stat_CR2_ST_bin_8  1.0077 +0.0015255 -0.0015255
gamma_stat_CR2_ST_bin_9  1.0029 +0.00146244 -0.00146244
mu_W  1.22798 +0.00670379 -0.00670379
mu_tt  1.05515 +0.00257054 -0.00257054


CORRELATION_MATRIX
63   63
-0.00423615   -0.00249187   2.30354e-06   4.1428e-06   -2.44556e-08   1.38108e-07   -9.86842e-08   5.59541e-08   5.59541e-08   -1.48441e-06   3.68156e-07   2.08972e-06   5.15415e-07   -5.32473e-07   4.2204e-07   6.998e-07   5.09919e-07   -1.74267e-07   7.77478e-07   5.59541e-08   1.11075e-06   1.09466e-06   1.15863e-06   1.56372e-06   5.36113e-07   9.83373e-07   8.63166e-07   1.44009e-06   1.80927e-06   1.15093e-06   5.59541e-08   5.59541e-08   -5.49656e-07   -3.29334e-06   -7.29944e-06   -1.50908e-05   6.19466e-07   1.61318e-07   1.61318e-07   4.2534e-06   1.10835e-06   8.18336e-07   3.87646e-06   2.0625e-06   1.68165e-06   4.4917e-06   6.58691e-06   4.59228e-06   7.93089e-06   1.61318e-07   7.16732e-06   5.3546e-06   7.45336e-06   7.36469e-06   7.70109e-06   7.13154e-06   4.91589e-06   8.0646e-06   4.77513e-06   2.70796e-06   1.61318e-07   1.61318e-07   1   
-5.98904e-06   8.11369e-06   7.91796e-07   8.4524e-07   1.74478e-09   5.01811e-10   5.75934e-10   8.97118e-10   8.97118e-10   -2.3276e-07   -5.73212e-08   -6.93282e-08   -6.11778e-08   -5.70619e-08   -6.2698e-08   -5.33282e-08   -4.49753e-08   -2.53858e-08   -2.11489e-08   8.97118e-10   4.16701e-09   4.11414e-08   7.14721e-08   1.13768e-07   1.72521e-07   2.37015e-07   3.28902e-07   4.33752e-07   5.32509e-07   6.68238e-07   8.97118e-10   8.97118e-10   -8.53355e-07   -8.51956e-07   -1.08622e-06   -1.82046e-06   -8.5521e-09   8.98799e-10   8.98799e-10   -3.47181e-07   -1.2548e-07   -1.31707e-07   -1.62814e-07   -1.93767e-07   -1.93956e-07   -9.98466e-08   -1.60526e-07   -2.81555e-07   -2.99579e-07   8.98799e-10   -3.41537e-07   -2.7026e-07   -4.47792e-07   -3.66553e-07   -5.32547e-07   -5.79487e-07   -6.40848e-07   -5.78268e-07   -6.33706e-07   -7.92716e-07   8.98799e-10   1   1.61318e-07   
-5.98904e-06   8.11369e-06   7.91796e-07   8.4524e-07   1.74478e-09   5.01811e-10   5.75934e-10   8.97118e-10   8.97118e-10   -2.3276e-07   -5.73212e-08   -6.93282e-08   -6.11778e-08   -5.70619e-08   -6.2698e-08   -5.33282e-08   -4.49753e-08   -2.53858e-08   -2.11489e-08   8.97118e-10   4.16701e-09   4.11414e-08   7.14721e-08   1.13768e-07   1.72521e-07   2.37015e-07   3.28902e-07   4.33752e-07   5.32509e-07   6.68238e-07   8.97118e-10   8.97118e-10   -8.53355e-07   -8.51956e-07   -1.08622e-06   -1.82046e-06   -8.5521e-09   8.98799e-10   8.98799e-10   -3.47181e-07   -1.2548e-07   -1.31707e-07   -1.62814e-07   -1.93767e-07   -1.93956e-07   -9.98466e-08   -1.60526e-07   -2.81555e-07   -2.99579e-07   8.98799e-10   -3.41537e-07   -2.7026e-07   -4.47792e-07   -3.66553e-07   -5.32547e-07   -5.79487e-07   -6.40848e-07   -5.78268e-07   -6.33706e-07   -7.92716e-07   1   8.98799e-10   1.61318e-07   
0.0266159   -0.0753779   0.000502586   0.000696221   4.45788e-06   9.3849e-06   -8.0121e-06   -7.79082e-07   -7.79082e-07   0.00353029   0.0011823   0.00137055   0.00137578   0.00148281   0.00160446   0.00167104   0.00175156   0.00177769   0.001908   -7.79082e-07   0.00191132   0.00185174   0.00187192   0.00184634   0.00177383   0.00169762   0.00148783   0.00134426   0.00104573   0.00067651   -7.79082e-07   -7.79082e-07   0.014542   0.01644   0.0219273   0.0334122   0.000114405   -7.92716e-07   -7.92716e-07   0.00466125   0.00132113   0.00140264   0.00175706   0.00208604   0.00208343   0.0022272   0.0028481   0.00305558   0.00327878   -7.92716e-07   0.00375525   0.00421989   0.00503963   0.00540084   0.00622236   0.00828282   0.00804289   0.00900314   0.010464   1   -7.92716e-07   -7.92716e-07   2.70796e-06   
0.0354147   -0.0742965   -0.00199108   -0.00201859   -2.14529e-06   4.80575e-06   -7.05496e-06   -7.25186e-07   -7.25186e-07   0.00304678   0.000959727   0.00112101   0.00110055   0.00116008   0.00125806   0.00127508   0.00130441   0.00126432   0.00133907   -7.25186e-07   0.00126688   0.00111832   0.00104267   0.000901229   0.000680001   0.000439419   2.89247e-05   -0.000375358   -0.00086543   -0.00151149   -7.25186e-07   -7.25186e-07   0.0122404   0.0135065   0.0178674   0.0277117   0.000101703   -6.33706e-07   -6.33706e-07   0.00445123   0.00125299   0.00132585   0.00165436   0.00196552   0.00196443   0.00209504   0.00268918   0.00287252   0.00307477   -6.33706e-07   0.00351708   0.00392943   0.00468896   0.00500238   0.00572962   0.00755693   0.00726633   0.00803544   1   0.010464   -6.33706e-07   -6.33706e-07   4.77513e-06   
0.0411294   -0.0719396   -0.00377995   -0.00396923   -6.94796e-06   1.3428e-06   -6.20384e-06   -6.7036e-07   -6.7036e-07   0.00262771   0.000776136   0.000914222   0.000875333   0.000898739   0.000977279   0.00095755   0.000948688   0.000860817   0.000893211   -6.7036e-07   0.0007671   0.000556344   0.000411934   0.000188401   -0.000137357   -0.000493547   -0.00104275   -0.00162994   -0.00225033   -0.00308605   -6.7036e-07   -6.7036e-07   0.0102932   0.0110687   0.0145109   0.0229437   9.02375e-05   -5.78268e-07   -5.78268e-07   0.00420347   0.0011766   0.00124157   0.00154424   0.00183576   0.00183574   0.00195402   0.00251601   0.0026777   0.00286038   -5.78268e-07   0.00326823   0.00363358   0.00433287   0.00460468   0.00524733   0.0068651   0.00654334   1   0.00803544   0.00900314   -5.78268e-07   -5.78268e-07   8.0646e-06   
0.0433603   -0.069243   -0.00466001   -0.00493193   -9.37466e-06   -5.33898e-07   -5.62521e-06   -6.27678e-07   -6.27678e-07   0.00235134   0.000662554   0.00078549   0.000737534   0.000741174   0.000807761   0.000768797   0.000739708   0.000628071   0.00063719   -6.27678e-07   0.000484796   0.000245026   6.67679e-05   -0.000196149   -0.000571236   -0.000982065   -0.0015944   -0.00226755   -0.00294516   -0.00386549   -6.27678e-07   -6.27678e-07   0.00904729   0.00954529   0.0124279   0.0199382   8.23098e-05   -6.40848e-07   -6.40848e-07   0.00398723   0.00111228   0.00117174   0.00145466   0.00172986   0.00173031   0.00183975   0.00237333   0.00252011   0.00268881   -6.40848e-07   0.00307   0.00340305   0.00405607   0.00430032   0.00488484   0.00635845   1   0.00654334   0.00726633   0.00804289   -6.40848e-07   -6.40848e-07   4.91589e-06   
0.0502241   -0.0754974   -0.00587917   -0.00624575   -1.23208e-05   -2.00897e-06   -5.86294e-06   -6.70658e-07   -6.70658e-07   0.00242476   0.000656393   0.000782641   0.000722131   0.000711342   0.000776906   0.000718817   0.000671039   0.000528178   0.000520886   -6.70658e-07   0.000330499   4.02328e-05   -0.000184799   -0.000508778   -0.000965823   -0.00146688   -0.00219992   -0.00301823   -0.00381992   -0.00491395   -6.70658e-07   -6.70658e-07   0.00919258   0.00954144   0.0123481   0.020063   8.61934e-05   -5.79487e-07   -5.79487e-07   0.00430135   0.00119696   0.00125939   0.00156111   0.00185695   0.00185799   0.00197368   0.00254973   0.00270305   0.00288121   -5.79487e-07   0.00328813   0.00363654   0.00433307   0.00458564   0.00519654   1   0.00635845   0.0068651   0.00755693   0.00828282   -5.79487e-07   -5.79487e-07   7.13154e-06   
0.0416853   -0.0596906   -0.00518359   -0.00552043   -1.11491e-05   -2.54525e-06   -4.4541e-06   -5.21046e-07   -5.21046e-07   0.0018239   0.000474698   0.000569288   0.000515933   0.000497507   0.000544623   0.00048823   0.000439684   0.000312556   0.000295233   -5.21046e-07   0.000128459   -0.000120375   -0.000318862   -0.000600034   -0.000993632   -0.0014254   -0.00204883   -0.00275239   -0.00342839   -0.00435411   -5.21046e-07   -5.21046e-07   0.00681734   0.00696297   0.00895644   0.0147384   6.57658e-05   -5.32547e-07   -5.32547e-07   0.00337007   0.000935871   0.000983509   0.00121768   0.00144877   0.0014498   0.00153899   0.00199058   0.00210714   0.00224429   -5.32547e-07   0.00256002   0.00282577   0.00336593   0.00355655   1   0.00519654   0.00488484   0.00524733   0.00572962   0.00622236   -5.32547e-07   -5.32547e-07   7.70109e-06   
0.0383913   -0.0534714   -0.00492767   -0.00525437   -1.07348e-05   -2.788e-06   -3.89377e-06   -4.61875e-07   -4.61875e-07   0.00158439   0.000401741   0.000483702   0.000432978   0.000411219   0.00045092   0.000394848   0.000345642   0.000224234   0.00020258   -4.61875e-07   4.4558e-05   -0.000188616   -0.000377342   -0.000642502   -0.00101221   -0.0014179   -0.00199965   -0.00265994   -0.00328788   -0.0041494   -4.61875e-07   -4.61875e-07   0.00586784   0.00592919   0.00759523   0.0126061   5.76495e-05   -3.66553e-07   -3.66553e-07   0.00300249   0.000832645   0.000874559   0.00108186   0.00128737   0.00128856   0.0013671   0.0017696   0.00187169   0.00199242   -3.66553e-07   0.00227223   0.00250498   0.00298331   1   0.00355655   0.00458564   0.00430032   0.00460468   0.00500238   0.00540084   -3.66553e-07   -3.66553e-07   7.36469e-06   
0.0374093   -0.0510876   -0.00490558   -0.00523507   -1.07758e-05   -3.0169e-06   -3.65326e-06   -4.3789e-07   -4.3789e-07   0.00147936   0.000367492   0.00044387   0.000393373   0.000368931   0.00040512   0.000347684   0.000296697   0.000175468   0.000150513   -4.3789e-07   -6.46055e-06   -0.000236378   -0.000424282   -0.000686858   -0.00105198   -0.00145274   -0.00202474   -0.00267647   -0.00329198   -0.00413752   -4.3789e-07   -4.3789e-07   0.00543993   0.00545049   0.006959   0.0116292   5.42004e-05   -4.47792e-07   -4.47792e-07   0.00285737   0.000791616   0.000831067   0.00102758   0.00122289   0.00122404   0.00129819   0.00168143   0.00177718   0.00189123   -4.47792e-07   0.00215628   0.00237503   1   0.00298331   0.00336593   0.00433307   0.00405607   0.00433287   0.00468896   0.00503963   -4.47792e-07   -4.47792e-07   7.45336e-06   
0.0315705   -0.0429628   -0.00415537   -0.00443509   -9.14088e-06   -2.59065e-06   -3.06211e-06   -3.67735e-07   -3.67735e-07   0.00123888   0.000306571   0.00037051   0.000327735   0.000306626   0.000336796   0.000287909   0.000244427   0.000141685   0.000120052   -3.67735e-07   -1.28665e-05   -0.000207301   -0.000366473   -0.00058869   -0.000897549   -0.00123657   -0.00172005   -0.0022713   -0.00279129   -0.00350575   -3.67735e-07   -3.67735e-07   0.00454957   0.00455117   0.00580715   0.00971682   4.54474e-05   -2.7026e-07   -2.7026e-07   0.00240112   0.000665128   0.000698215   0.000863124   0.00102721   0.0010283   0.00109051   0.0014125   0.00149287   0.00158846   -2.7026e-07   0.00181114   1   0.00237503   0.00250498   0.00282577   0.00363654   0.00340305   0.00363358   0.00392943   0.00421989   -2.7026e-07   -2.7026e-07   5.3546e-06   
0.0296177   -0.0393779   -0.00399323   -0.00426583   -8.86362e-06   -2.70445e-06   -2.74407e-06   -3.33878e-07   -3.33878e-07   0.00110336   0.000265725   0.000322526   0.000281419   0.000258659   0.000284684   0.000236267   0.000192699   9.3641e-05   6.98278e-05   -3.33878e-07   -5.76024e-05   -0.000242482   -0.000395465   -0.000607769   -0.000901975   -0.00122499   -0.00168326   -0.00220802   -0.00269915   -0.00337494   -3.33878e-07   -3.33878e-07   0.00401455   0.00397113   0.00504452   0.00851839   4.08339e-05   -3.41537e-07   -3.41537e-07   0.00219023   0.000606082   0.000635746   0.000785454   0.000934874   0.000935876   0.000992178   0.00128598   0.00135807   0.00144437   -3.41537e-07   1   0.00181114   0.00215628   0.00227223   0.00256002   0.00328813   0.00307   0.00326823   0.00351708   0.00375525   -3.41537e-07   -3.41537e-07   7.16732e-06   
-5.98904e-06   8.11369e-06   7.91796e-07   8.4524e-07   1.74478e-09   5.01811e-10   5.75934e-10   8.97118e-10   8.97118e-10   -2.3276e-07   -5.73212e-08   -6.93282e-08   -6.11778e-08   -5.70619e-08   -6.2698e-08   -5.33282e-08   -4.49753e-08   -2.53858e-08   -2.11489e-08   8.97118e-10   4.16701e-09   4.11414e-08   7.14721e-08   1.13768e-07   1.72521e-07   2.37015e-07   3.28902e-07   4.33752e-07   5.32509e-07   6.68238e-07   8.97118e-10   8.97118e-10   -8.53355e-07   -8.51956e-07   -1.08622e-06   -1.82046e-06   -8.5521e-09   8.98799e-10   8.98799e-10   -3.47181e-07   -1.2548e-07   -1.31707e-07   -1.62814e-07   -1.93767e-07   -1.93956e-07   -9.98466e-08   -1.60526e-07   -2.81555e-07   -2.99579e-07   1   -3.41537e-07   -2.7026e-07   -4.47792e-07   -3.66553e-07   -5.32547e-07   -5.79487e-07   -6.40848e-07   -5.78268e-07   -6.33706e-07   -7.92716e-07   8.98799e-10   8.98799e-10   1.61318e-07   
0.0261647   -0.0346108   -0.00354568   -0.00378842   -7.88493e-06   -2.44116e-06   -2.39973e-06   -2.92843e-07   -2.92843e-07   0.000963547   0.00023059   0.000280166   0.000243665   0.000222997   0.000245555   0.000202299   0.000163284   7.52675e-05   5.35628e-05   -2.92843e-07   -5.95294e-05   -0.000223323   -0.000359165   -0.000547444   -0.000808193   -0.00109449   -0.00150022   -0.00196524   -0.00239974   -0.00299779   -2.92843e-07   -2.92843e-07   0.00349836   0.00345147   0.00437981   0.00741185   3.5731e-05   -2.99579e-07   -2.99579e-07   0.00192302   0.000531907   0.000557965   0.000689251   0.000820393   0.000821294   0.000870516   0.00112849   0.00119156   1   -2.99579e-07   0.00144437   0.00158846   0.00189123   0.00199242   0.00224429   0.00288121   0.00268881   0.00286038   0.00307477   0.00327878   -2.99579e-07   -2.99579e-07   7.93089e-06   
0.0249082   -0.0326493   -0.00340605   -0.00364042   -7.59932e-06   -2.41242e-06   -2.24295e-06   -2.75193e-07   -2.75193e-07   0.000898263   0.000212451   0.000258618   0.000223555   0.000202924   0.000223663   0.00018166   0.000143622   5.89698e-05   3.71711e-05   -2.75193e-07   -7.13727e-05   -0.000228099   -0.000358598   -0.000539073   -0.000788738   -0.00106289   -0.00145065   -0.0018958   -0.0023105   -0.00288162   -2.75193e-07   -2.75193e-07   0.00324848   0.00318933   0.00403921   0.00686302   3.34332e-05   -2.81555e-07   -2.81555e-07   0.00181051   0.000500654   0.000524945   0.00064828   0.000771666   0.00077255   0.000818812   0.00106172   1   0.00119156   -2.81555e-07   0.00135807   0.00149287   0.00177718   0.00187169   0.00210714   0.00270305   0.00252011   0.0026777   0.00287252   0.00305558   -2.81555e-07   -2.81555e-07   4.59228e-06   
0.024107   -0.0311016   -0.00334737   -0.00357965   -7.50937e-06   -2.48176e-06   -2.10183e-06   -2.60382e-07   -2.60382e-07   0.000837794   0.000193883   0.000236858   0.000202398   0.000180846   0.000199696   0.000157674   0.000119372   3.60105e-05   1.30264e-05   -2.60382e-07   -9.34914e-05   -0.000246502   -0.000374764   -0.000551488   -0.000795508   -0.0010635   -0.0014413   -0.00187621   -0.00227935   -0.00283505   -2.60382e-07   -2.60382e-07   0.00300799   0.00292666   0.00369295   0.00632192   3.13913e-05   -1.60526e-07   -1.60526e-07   0.00171867   0.000474789   0.00049772   0.000614246   0.000731242   0.000732247   0.000775756   1   0.00106172   0.00112849   -1.60526e-07   0.00128598   0.0014125   0.00168143   0.0017696   0.00199058   0.00254973   0.00237333   0.00251601   0.00268918   0.0028481   -1.60526e-07   -1.60526e-07   6.58691e-06   
0.0182597   -0.0238762   -0.00250286   -0.00267531   -5.58899e-06   -1.7857e-06   -1.63618e-06   -2.0104e-07   -2.0104e-07   0.000654801   0.00015437   0.000188014   0.000162248   0.000146939   0.000161999   0.000131047   0.000102988   4.07637e-05   2.45627e-05   -2.0104e-07   -5.518e-05   -0.000170228   -0.000266123   -0.000398666   -0.000581969   -0.000783254   -0.00106781   -0.00139461   -0.00169883   -0.00211785   -2.0104e-07   -2.0104e-07   0.00236547   0.00231929   0.00293573   0.00499363   2.4396e-05   -9.98466e-08   -9.98466e-08   0.00132322   0.00036581   0.000383615   0.000473603   0.000563772   0.000564531   1   0.000775756   0.000818812   0.000870516   -9.98466e-08   0.000992178   0.00109051   0.00129819   0.0013671   0.00153899   0.00197368   0.00183975   0.00195402   0.00209504   0.0022272   -9.98466e-08   -9.98466e-08   4.4917e-06   
0.0174219   -0.0225913   -0.0024074   -0.00257402   -5.39139e-06   -1.75973e-06   -1.53484e-06   -1.89547e-07   -1.89547e-07   0.000612732   0.000142818   0.000174268   0.000149485   0.000134275   0.000148178   0.000118125   9.07865e-05   3.08719e-05   1.46957e-05   -1.89547e-07   -6.19464e-05   -0.00017222   -0.000264463   -0.000391707   -0.000567509   -0.000760572   -0.00103302   -0.00134639   -0.00163733   -0.00203825   -1.89547e-07   -1.89547e-07   0.00220515   0.00215191   0.00271865   0.00464251   2.29086e-05   -1.93956e-07   -1.93956e-07   0.00124985   0.000345454   0.000362077   0.000446995   0.000532104   1   0.000564531   0.000732247   0.00077255   0.000821294   -1.93956e-07   0.000935876   0.0010283   0.00122404   0.00128856   0.0014498   0.00185799   0.00173031   0.00183574   0.00196443   0.00208343   -1.93956e-07   -1.93956e-07   1.68165e-06   
0.0173479   -0.0225476   -0.00239184   -0.00255718   -5.35229e-06   -1.73683e-06   -1.53557e-06   -1.89368e-07   -1.89368e-07   0.000613445   0.000143443   0.000174939   0.000150316   0.000135337   0.00014931   0.000119527   9.24614e-05   3.29515e-05   1.7042e-05   -1.89368e-07   -5.91209e-05   -0.000168788   -0.000260433   -0.000386921   -0.000561726   -0.00075369   -0.00102472   -0.00133633   -0.00162585   -0.00202475   -1.89368e-07   -1.89368e-07   0.00221006   0.00215958   0.00272981   0.00465642   2.29128e-05   -1.93767e-07   -1.93767e-07   0.00124806   0.000344896   0.000361625   0.00044647   1   0.000532104   0.000563772   0.000731242   0.000771666   0.000820393   -1.93767e-07   0.000934874   0.00102721   0.00122289   0.00128737   0.00144877   0.00185695   0.00172986   0.00183576   0.00196552   0.00208604   -1.93767e-07   -1.93767e-07   2.0625e-06   
0.0145247   -0.018926   -0.0019977   -0.0021356   -4.4664e-06   -1.44005e-06   -1.2923e-06   -1.59123e-07   -1.59123e-07   0.000516649   0.000121228   0.000147762   0.000127197   0.000114807   0.000126624   0.00010182   7.93019e-05   2.96144e-05   1.64754e-05   -1.59123e-07   -4.71518e-05   -0.000138844   -0.000215386   -0.000321092   -0.000467219   -0.000627687   -0.00085437   -0.00111487   -0.0013571   -0.00169081   -1.59123e-07   -1.59123e-07   0.00186347   0.00182352   0.00230636   0.00392944   1.92769e-05   -1.62814e-07   -1.62814e-07   0.00104817   0.000289696   0.000303768   1   0.00044647   0.000446995   0.000473603   0.000614246   0.00064828   0.000689251   -1.62814e-07   0.000785454   0.000863124   0.00102758   0.00108186   0.00121768   0.00156111   0.00145466   0.00154424   0.00165436   0.00175706   -1.62814e-07   -1.62814e-07   3.87646e-06   
0.011979   -0.0153973   -0.00166921   -0.00178527   -3.74931e-06   -1.25017e-06   -1.03645e-06   -1.28699e-07   -1.28699e-07   0.000412662   9.49876e-05   0.000116145   9.89614e-05   8.8069e-05   9.72944e-05   7.62554e-05   5.70507e-05   1.54625e-05   3.82367e-06   -1.28699e-07   -4.92752e-05   -0.00012546   -0.000189421   -0.000277474   -0.000399005   -0.000532481   -0.000720503   -0.000937084   -0.00113761   -0.00141409   -1.28699e-07   -1.28699e-07   0.001479   0.00143581   0.00181009   0.00310444   1.5487e-05   -1.31707e-07   -1.31707e-07   0.000850209   0.000234918   1   0.000303768   0.000361625   0.000362077   0.000383615   0.00049772   0.000524945   0.000557965   -1.31707e-07   0.000635746   0.000698215   0.000831067   0.000874559   0.000983509   0.00125939   0.00117174   0.00124157   0.00132585   0.00140264   -1.31707e-07   -1.31707e-07   8.18336e-07   
0.0115987   -0.01474   -0.00163345   -0.00174767   -3.68261e-06   -1.26026e-06   -9.80186e-07   -1.22595e-07   -1.22595e-07   0.000388867   8.79975e-05   0.000107906   9.10895e-05   8.00058e-05   8.85245e-05   6.76896e-05   4.85905e-05   7.83759e-06   -4.07081e-06   -1.22595e-07   -5.59803e-05   -0.000130196   -0.00019279   -0.000278744   -0.000397225   -0.000527364   -0.000710268   -0.000921355   -0.00111612   -0.00138482   -1.22595e-07   -1.22595e-07   0.00138599   0.001336   0.00167935   0.00289738   1.4668e-05   -1.2548e-07   -1.2548e-07   0.000811873   1   0.000234918   0.000289696   0.000344896   0.000345454   0.00036581   0.000474789   0.000500654   0.000531907   -1.2548e-07   0.000606082   0.000665128   0.000791616   0.000832645   0.000935871   0.00119696   0.00111228   0.0011766   0.00125299   0.00132113   -1.2548e-07   -1.2548e-07   1.10835e-06   
0.0432212   -0.0537343   -0.00620888   -0.00664758   -1.40933e-05   -5.04855e-06   -3.48716e-06   -4.42551e-07   -4.42551e-07   0.00137336   0.000299777   0.00036987   0.00030595   0.000260846   0.000289659   0.000208737   0.000133998   -2.12972e-05   -7.01966e-05   -4.42551e-07   -0.000267145   -0.000546879   -0.000784832   -0.00111005   -0.00155728   -0.00204862   -0.00273621   -0.00353259   -0.00426262   -0.005271   -4.42551e-07   -4.42551e-07   0.00483865   0.00459463   0.00573921   0.0100287   5.23413e-05   -3.47181e-07   -3.47181e-07   1   0.000811873   0.000850209   0.00104817   0.00124806   0.00124985   0.00132322   0.00171867   0.00181051   0.00192302   -3.47181e-07   0.00219023   0.00240112   0.00285737   0.00300249   0.00337007   0.00430135   0.00398723   0.00420347   0.00445123   0.00466125   -3.47181e-07   -3.47181e-07   4.2534e-06   
-5.98904e-06   8.11369e-06   7.91796e-07   8.4524e-07   1.74478e-09   5.01811e-10   5.75934e-10   8.97118e-10   8.97118e-10   -2.3276e-07   -5.73212e-08   -6.93282e-08   -6.11778e-08   -5.70619e-08   -6.2698e-08   -5.33282e-08   -4.49753e-08   -2.53858e-08   -2.11489e-08   8.97118e-10   4.16701e-09   4.11414e-08   7.14721e-08   1.13768e-07   1.72521e-07   2.37015e-07   3.28902e-07   4.33752e-07   5.32509e-07   6.68238e-07   8.97118e-10   8.97118e-10   -8.53355e-07   -8.51956e-07   -1.08622e-06   -1.82046e-06   -8.5521e-09   8.98799e-10   1   -3.47181e-07   -1.2548e-07   -1.31707e-07   -1.62814e-07   -1.93767e-07   -1.93956e-07   -9.98466e-08   -1.60526e-07   -2.81555e-07   -2.99579e-07   8.98799e-10   -3.41537e-07   -2.7026e-07   -4.47792e-07   -3.66553e-07   -5.32547e-07   -5.79487e-07   -6.40848e-07   -5.78268e-07   -6.33706e-07   -7.92716e-07   8.98799e-10   8.98799e-10   1.61318e-07   
-5.98904e-06   8.11369e-06   7.91796e-07   8.4524e-07   1.74478e-09   5.01811e-10   5.75934e-10   8.97118e-10   8.97118e-10   -2.3276e-07   -5.73212e-08   -6.93282e-08   -6.11778e-08   -5.70619e-08   -6.2698e-08   -5.33282e-08   -4.49753e-08   -2.53858e-08   -2.11489e-08   8.97118e-10   4.16701e-09   4.11414e-08   7.14721e-08   1.13768e-07   1.72521e-07   2.37015e-07   3.28902e-07   4.33752e-07   5.32509e-07   6.68238e-07   8.97118e-10   8.97118e-10   -8.53355e-07   -8.51956e-07   -1.08622e-06   -1.82046e-06   -8.5521e-09   1   8.98799e-10   -3.47181e-07   -1.2548e-07   -1.31707e-07   -1.62814e-07   -1.93767e-07   -1.93956e-07   -9.98466e-08   -1.60526e-07   -2.81555e-07   -2.99579e-07   8.98799e-10   -3.41537e-07   -2.7026e-07   -4.47792e-07   -3.66553e-07   -5.32547e-07   -5.79487e-07   -6.40848e-07   -5.78268e-07   -6.33706e-07   -7.92716e-07   8.98799e-10   8.98799e-10   1.61318e-07   
0.000491988   -0.000891106   -4.20893e-05   -4.40183e-05   -7.36177e-08   2.50922e-08   -7.8449e-08   -8.38493e-09   -8.38493e-09   3.33729e-05   1.00052e-05   1.17618e-05   1.13289e-05   1.17063e-05   1.27209e-05   1.2569e-05   1.25545e-05   1.15914e-05   1.20948e-05   -8.38493e-09   1.06763e-05   8.23666e-06   6.62972e-06   4.08206e-06   3.31972e-07   -3.7652e-06   -1.01804e-05   -1.69537e-05   -2.42656e-05   -3.40806e-05   -8.38493e-09   -8.38493e-09   0.000131483   0.000142241   0.000186873   0.000294137   1   -8.5521e-09   -8.5521e-09   5.23413e-05   1.4668e-05   1.5487e-05   1.92769e-05   2.29128e-05   2.29086e-05   2.4396e-05   3.13913e-05   3.34332e-05   3.5731e-05   -8.5521e-09   4.08339e-05   4.54474e-05   5.42004e-05   5.76495e-05   6.57658e-05   8.61934e-05   8.23098e-05   9.02375e-05   0.000101703   0.000114405   -8.5521e-09   -8.5521e-09   6.19466e-07   
-0.00628695   -0.147471   0.0167891   0.018556   5.02898e-05   4.66136e-05   -2.10287e-05   -1.79578e-06   -1.79578e-06   0.00965836   0.00362006   0.00414266   0.00431569   0.0048173   0.00519466   0.00563392   0.00610948   0.00657921   0.0071754   -1.79578e-06   0.00766161   0.00811608   0.00876291   0.00945172   0.0102618   0.0111645   0.012049   0.0134385   0.0140993   0.0151705   -1.79578e-06   -1.79578e-06   0.0417546   0.0493117   0.0667073   1   0.000294137   -1.82046e-06   -1.82046e-06   0.0100287   0.00289738   0.00310444   0.00392944   0.00465642   0.00464251   0.00499363   0.00632192   0.00686302   0.00741185   -1.82046e-06   0.00851839   0.00971682   0.0116292   0.0126061   0.0147384   0.020063   0.0199382   0.0229437   0.0277117   0.0334122   -1.82046e-06   -1.82046e-06   -1.50908e-05   
-0.0281515   -0.078714   0.0156769   0.0172098   4.45042e-05   3.68845e-05   -1.34989e-05   -1.07389e-06   -1.07389e-06   0.00632434   0.00248755   0.00283205   0.00299359   0.00338547   0.0036461   0.00401185   0.00440081   0.00482939   0.00529261   -1.07389e-06   0.00575595   0.00624115   0.00684445   0.00752603   0.00836292   0.0092916   0.0103139   0.0117653   0.0126469   0.0139807   -1.07389e-06   -1.07389e-06   0.0279397   0.0336065   1   0.0667073   0.000186873   -1.08622e-06   -1.08622e-06   0.00573921   0.00167935   0.00181009   0.00230636   0.00272981   0.00271865   0.00293573   0.00369295   0.00403921   0.00437981   -1.08622e-06   0.00504452   0.00580715   0.006959   0.00759523   0.00895644   0.0123481   0.0124279   0.0145109   0.0178674   0.0219273   -1.08622e-06   -1.08622e-06   -7.29944e-06   
-0.012787   -0.0652718   0.0101405   0.0111605   2.93845e-05   2.54748e-05   -1.02252e-05   -8.41376e-07   -8.41376e-07   0.00474656   0.00182632   0.00208407   0.00218857   0.00246067   0.00265159   0.00289898   0.00316398   0.00344365   0.00376603   -8.41376e-07   0.00406347   0.00436251   0.00475291   0.00518444   0.0057062   0.00628603   0.00689951   0.00780086   0.00830674   0.00908829   -8.41376e-07   -8.41376e-07   0.0207616   1   0.0336065   0.0493117   0.000142241   -8.51956e-07   -8.51956e-07   0.00459463   0.001336   0.00143581   0.00182352   0.00215958   0.00215191   0.00231929   0.00292666   0.00318933   0.00345147   -8.51956e-07   0.00397113   0.00455117   0.00545049   0.00592919   0.00696297   0.00954144   0.00954529   0.0110687   0.0135065   0.01644   -8.51956e-07   -8.51956e-07   -3.29334e-06   
0.0107809   -0.0743486   0.004686   0.00524498   1.54172e-05   1.67468e-05   -9.322e-06   -8.40437e-07   -8.40437e-07   0.00421156   0.00151265   0.00173923   0.00178755   0.00197059   0.00212752   0.00227511   0.00243885   0.0025756   0.0027946   -8.40437e-07   0.00292505   0.00301767   0.00319859   0.00336924   0.0035501   0.00375376   0.00389014   0.00419136   0.00422694   0.00433823   -8.40437e-07   -8.40437e-07   1   0.0207616   0.0279397   0.0417546   0.000131483   -8.53355e-07   -8.53355e-07   0.00483865   0.00138599   0.001479   0.00186347   0.00221006   0.00220515   0.00236547   0.00300799   0.00324848   0.00349836   -8.53355e-07   0.00401455   0.00454957   0.00543993   0.00586784   0.00681734   0.00919258   0.00904729   0.0102932   0.0122404   0.014542   -8.53355e-07   -8.53355e-07   -5.49656e-07   
-5.807e-06   7.91529e-06   7.62936e-07   8.1424e-07   1.67715e-09   4.72577e-10   5.6504e-10   8.95589e-10   8.95589e-10   -2.2871e-07   -5.67012e-08   -6.85069e-08   -6.06534e-08   -5.68133e-08   -6.23951e-08   -5.34399e-08   -4.54822e-08   -2.66231e-08   8.32554e-08   8.95589e-10   1.71393e-09   3.74408e-08   6.66648e-08   1.07482e-07   1.64227e-07   2.26511e-07   3.15372e-07   4.16654e-07   5.12246e-07   6.43578e-07   8.95589e-10   1   -8.40437e-07   -8.41376e-07   -1.07389e-06   -1.79578e-06   -8.38493e-09   8.97118e-10   8.97118e-10   -4.42551e-07   -1.22595e-07   -1.28699e-07   -1.59123e-07   -1.89368e-07   -1.89547e-07   -2.0104e-07   -2.60382e-07   -2.75193e-07   -2.92843e-07   8.97118e-10   -3.33878e-07   -3.67735e-07   -4.3789e-07   -4.61875e-07   -5.21046e-07   -6.70658e-07   -6.27678e-07   -6.7036e-07   -7.25186e-07   -7.79082e-07   8.97118e-10   8.97118e-10   5.59541e-08   
-5.807e-06   7.91529e-06   7.62936e-07   8.1424e-07   1.67715e-09   4.72577e-10   5.6504e-10   8.95589e-10   8.95589e-10   -2.2871e-07   -5.67012e-08   -6.85069e-08   -6.06534e-08   -5.68133e-08   -6.23951e-08   -5.34399e-08   -4.54822e-08   -2.66231e-08   8.32554e-08   8.95589e-10   1.71393e-09   3.74408e-08   6.66648e-08   1.07482e-07   1.64227e-07   2.26511e-07   3.15372e-07   4.16654e-07   5.12246e-07   6.43578e-07   1   8.95589e-10   -8.40437e-07   -8.41376e-07   -1.07389e-06   -1.79578e-06   -8.38493e-09   8.97118e-10   8.97118e-10   -4.42551e-07   -1.22595e-07   -1.28699e-07   -1.59123e-07   -1.89368e-07   -1.89547e-07   -2.0104e-07   -2.60382e-07   -2.75193e-07   -2.92843e-07   8.97118e-10   -3.33878e-07   -3.67735e-07   -4.3789e-07   -4.61875e-07   -5.21046e-07   -6.70658e-07   -6.27678e-07   -6.7036e-07   -7.25186e-07   -7.79082e-07   8.97118e-10   8.97118e-10   5.59541e-08   
-0.156272   0.114432   0.030618   0.0330799   7.57623e-05   4.18458e-05   1.53406e-06   6.43578e-07   6.43578e-07   0.00010368   0.000800051   0.000820591   0.0011359   0.00155354   0.00164557   0.00215798   0.00266716   0.00345858   0.0039383   6.43578e-07   0.00488569   0.00610987   0.00728504   0.0087908   0.010791   0.0129949   0.0158844   0.0194187   0.0223434   1   6.43578e-07   6.43578e-07   0.00433823   0.00908829   0.0139807   0.0151705   -3.40806e-05   6.68238e-07   6.68238e-07   -0.005271   -0.00138482   -0.00141409   -0.00169081   -0.00202475   -0.00203825   -0.00211785   -0.00283505   -0.00288162   -0.00299779   6.68238e-07   -0.00337494   -0.00350575   -0.00413752   -0.0041494   -0.00435411   -0.00491395   -0.00386549   -0.00308605   -0.00151149   0.00067651   6.68238e-07   6.68238e-07   1.15093e-06   
-0.130739   0.0935496   0.0258389   0.0279226   6.40625e-05   3.56543e-05   9.80334e-07   5.12246e-07   5.12246e-07   0.000225474   0.000720891   0.000745573   0.00101167   0.00136804   0.0014504   0.0018851   0.00231763   0.00298603   0.00339566   5.12246e-07   0.0041947   0.00522469   0.00621646   0.00748523   0.00916906   0.0110246   0.013453   0.0164278   1   0.0223434   5.12246e-07   5.12246e-07   0.00422694   0.00830674   0.0126469   0.0140993   -2.42656e-05   5.32509e-07   5.32509e-07   -0.00426262   -0.00111612   -0.00113761   -0.0013571   -0.00162585   -0.00163733   -0.00169883   -0.00227935   -0.0023105   -0.00239974   5.32509e-07   -0.00269915   -0.00279129   -0.00329198   -0.00328788   -0.00342839   -0.00381992   -0.00294516   -0.00225033   -0.00086543   0.00104573   5.32509e-07   5.32509e-07   1.80927e-06   
-0.112527   0.0784949   0.0224466   0.0242622   5.57672e-05   3.12855e-05   5.63163e-07   4.16654e-07   4.16654e-07   0.000322517   0.000668209   0.000696395   0.00092756   0.00124074   0.00131659   0.00169631   0.00207465   0.00265577   0.00301601   4.16654e-07   0.00370971   0.00460161   0.00546321   0.0065636   0.00802259   0.00963045   0.0117308   1   0.0164278   0.0194187   4.16654e-07   4.16654e-07   0.00419136   0.00780086   0.0117653   0.0134385   -1.69537e-05   4.33752e-07   4.33752e-07   -0.00353259   -0.000921355   -0.000937084   -0.00111487   -0.00133633   -0.00134639   -0.00139461   -0.00187621   -0.0018958   -0.00196524   4.33752e-07   -0.00220802   -0.0022713   -0.00267647   -0.00265994   -0.00275239   -0.00301823   -0.00226755   -0.00162994   -0.000375358   0.00134426   4.33752e-07   4.33752e-07   1.44009e-06   
-0.0910675   0.0617035   0.0183522   0.0198415   4.56979e-05   2.58573e-05   2.03111e-07   3.15372e-07   3.15372e-07   0.000376661   0.000583756   0.000612818   0.000801818   0.00106108   0.00112694   0.00143926   0.00175089   0.00222644   0.00252489   3.15372e-07   0.00309166   0.00381832   0.00452279   0.00542085   0.00661034   0.00792132   1   0.0117308   0.013453   0.0158844   3.15372e-07   3.15372e-07   0.00389014   0.00689951   0.0103139   0.012049   -1.01804e-05   3.28902e-07   3.28902e-07   -0.00273621   -0.000710268   -0.000720503   -0.00085437   -0.00102472   -0.00103302   -0.00106781   -0.0014413   -0.00145065   -0.00150022   3.28902e-07   -0.00168326   -0.00172005   -0.00202474   -0.00199965   -0.00204883   -0.00219992   -0.0015944   -0.00104275   2.89247e-05   0.00148783   3.28902e-07   3.28902e-07   8.63166e-07   
-0.0732898   0.0473794   0.0150027   0.0162263   3.74848e-05   2.14828e-05   -1.52556e-07   2.26511e-07   2.26511e-07   0.000447789   0.000523559   0.000554765   0.000709272   0.000925185   0.000983792   0.00124141   0.00149903   0.0018883   0.00213714   2.26511e-07   0.00259998   0.00319086   0.00376679   0.00449894   0.00546716   1   0.00792132   0.00963045   0.0110246   0.0129949   2.26511e-07   2.26511e-07   0.00375376   0.00628603   0.0092916   0.0111645   -3.7652e-06   2.37015e-07   2.37015e-07   -0.00204862   -0.000527364   -0.000532481   -0.000627687   -0.00075369   -0.000760572   -0.000783254   -0.0010635   -0.00106289   -0.00109449   2.37015e-07   -0.00122499   -0.00123657   -0.00145274   -0.0014179   -0.0014254   -0.00146688   -0.000982065   -0.000493547   0.000439419   0.00169762   2.37015e-07   2.37015e-07   9.83373e-07   
-0.0599416   0.0369946   0.0124498   0.0134698   3.12031e-05   1.80889e-05   -3.68244e-07   1.64227e-07   1.64227e-07   0.000477684   0.000469623   0.000501169   0.000629387   0.000811572   0.000863819   0.00107935   0.0012953   0.00161873   0.00182891   1.64227e-07   0.00221262   0.00270057   0.00317852   0.00378459   1   0.00546716   0.00661034   0.00802259   0.00916906   0.010791   1.64227e-07   1.64227e-07   0.0035501   0.0057062   0.00836292   0.0102618   3.31972e-07   1.72521e-07   1.72521e-07   -0.00155728   -0.000397225   -0.000399005   -0.000467219   -0.000561726   -0.000567509   -0.000581969   -0.000795508   -0.000788738   -0.000808193   1.72521e-07   -0.000901975   -0.000897549   -0.00105198   -0.00101221   -0.000993632   -0.000965823   -0.000571236   -0.000137357   0.000680001   0.00177383   1.72521e-07   1.72521e-07   5.36113e-07   
-0.047819   0.0275484   0.0101329   0.0109682   2.55028e-05   1.5011e-05   -5.66206e-07   1.07482e-07   1.07482e-07   0.000505891   0.000420993   0.000453004   0.000557363   0.00070886   0.000755367   0.00093272   0.00111098   0.00137455   0.00154967   1.07482e-07   0.00186157   0.00225617   0.00264521   1   0.00378459   0.00449894   0.00542085   0.0065636   0.00748523   0.0087908   1.07482e-07   1.07482e-07   0.00336924   0.00518444   0.00752603   0.00945172   4.08206e-06   1.13768e-07   1.13768e-07   -0.00111005   -0.000278744   -0.000277474   -0.000321092   -0.000386921   -0.000391707   -0.000398666   -0.000551488   -0.000539073   -0.000547444   1.13768e-07   -0.000607769   -0.00058869   -0.000686858   -0.000642502   -0.000600034   -0.000508778   -0.000196149   0.000188401   0.000901229   0.00184634   1.13768e-07   1.13768e-07   1.56372e-06   
-0.038766   0.0206242   0.0083894   0.00908527   2.12055e-05   1.2674e-05   -6.95995e-07   6.66648e-08   6.66648e-08   0.000518615   0.000381606   0.00041344   0.000499844   0.000628087   0.000670093   0.000818469   0.000968115   0.00118669   0.00133514   6.66648e-08   0.00159313   0.00191749   1   0.00264521   0.00317852   0.00376679   0.00452279   0.00546321   0.00621646   0.00728504   6.66648e-08   6.66648e-08   0.00319859   0.00475291   0.00684445   0.00876291   6.62972e-06   7.14721e-08   7.14721e-08   -0.000784832   -0.00019279   -0.000189421   -0.000215386   -0.000260433   -0.000264463   -0.000266123   -0.000374764   -0.000358598   -0.000359165   7.14721e-08   -0.000395465   -0.000366473   -0.000424282   -0.000377342   -0.000318862   -0.000184799   6.67679e-05   0.000411934   0.00104267   0.00187192   7.14721e-08   7.14721e-08   1.15863e-06   
-0.0318018   0.0154793   0.00702958   0.00761623   1.78433e-05   1.08226e-05   -7.70652e-07   3.74408e-08   3.74408e-08   0.000516876   0.000347023   0.000378098   0.000450498   0.000560273   0.000598291   0.000723956   0.000851046   0.00103448   0.00116172   3.74408e-08   0.00137763   1   0.00191749   0.00225617   0.00270057   0.00319086   0.00381832   0.00460161   0.00522469   0.00610987   3.74408e-08   3.74408e-08   0.00301767   0.00436251   0.00624115   0.00811608   8.23666e-06   4.11414e-08   4.11414e-08   -0.000546879   -0.000130196   -0.00012546   -0.000138844   -0.000168788   -0.00017222   -0.000170228   -0.000246502   -0.000228099   -0.000223323   4.11414e-08   -0.000242482   -0.000207301   -0.000236378   -0.000188616   -0.000120375   4.02328e-05   0.000245026   0.000556344   0.00111832   0.00185174   4.11414e-08   4.11414e-08   1.09466e-06   
-0.0243439   0.00959965   0.00561118   0.00608493   1.43577e-05   8.94914e-06   -9.019e-07   1.71393e-09   1.71393e-09   0.000538493   0.000318714   0.000350245   0.000408038   0.000499216   0.000533764   0.000636233   0.000740275   0.000887144   0.00099308   1.71393e-09   1   0.00137763   0.00159313   0.00186157   0.00221262   0.00259998   0.00309166   0.00370971   0.0041947   0.00488569   1.71393e-09   1.71393e-09   0.00292505   0.00406347   0.00575595   0.00766161   1.06763e-05   4.16701e-09   4.16701e-09   -0.000267145   -5.59803e-05   -4.92752e-05   -4.71518e-05   -5.91209e-05   -6.19464e-05   -5.518e-05   -9.34914e-05   -7.13727e-05   -5.95294e-05   4.16701e-09   -5.76024e-05   -1.28665e-05   -6.46055e-06   4.4558e-05   0.000128459   0.000330499   0.000484796   0.0007671   0.00126688   0.00191132   4.16701e-09   4.16701e-09   1.11075e-06   
-5.807e-06   7.91529e-06   7.62936e-07   8.1424e-07   1.67715e-09   4.72577e-10   5.6504e-10   8.95589e-10   8.95589e-10   -2.2871e-07   -5.67012e-08   -6.85069e-08   -6.06534e-08   -5.68133e-08   -6.23951e-08   -5.34399e-08   -4.54822e-08   -2.66231e-08   8.32554e-08   1   1.71393e-09   3.74408e-08   6.66648e-08   1.07482e-07   1.64227e-07   2.26511e-07   3.15372e-07   4.16654e-07   5.12246e-07   6.43578e-07   8.95589e-10   8.95589e-10   -8.40437e-07   -8.41376e-07   -1.07389e-06   -1.79578e-06   -8.38493e-09   8.97118e-10   8.97118e-10   -4.42551e-07   -1.22595e-07   -1.28699e-07   -1.59123e-07   -1.89368e-07   -1.89547e-07   -2.0104e-07   -2.60382e-07   -2.75193e-07   -2.92843e-07   8.97118e-10   -3.33878e-07   -3.67735e-07   -4.3789e-07   -4.61875e-07   -5.21046e-07   -6.70658e-07   -6.27678e-07   -6.7036e-07   -7.25186e-07   -7.79082e-07   8.97118e-10   8.97118e-10   5.59541e-08   
-0.018697   0.0053684   0.00451464   0.00490047   1.16499e-05   7.46546e-06   -1.07663e-06   8.32554e-08   8.32554e-08   0.00054075   0.000291969   0.000323087   0.000369587   0.000445981   0.000477546   0.000561658   0.000647589   0.000766136   1   8.32554e-08   0.00099308   0.00116172   0.00133514   0.00154967   0.00182891   0.00213714   0.00252489   0.00301601   0.00339566   0.0039383   8.32554e-08   8.32554e-08   0.0027946   0.00376603   0.00529261   0.0071754   1.20948e-05   -2.11489e-08   -2.11489e-08   -7.01966e-05   -4.07081e-06   3.82367e-06   1.64754e-05   1.7042e-05   1.46957e-05   2.45627e-05   1.30264e-05   3.71711e-05   5.35628e-05   -2.11489e-08   6.98278e-05   0.000120052   0.000150513   0.00020258   0.000295233   0.000520886   0.00063719   0.000893211   0.00133907   0.001908   -2.11489e-08   -2.11489e-08   7.77478e-07   
-0.016162   0.00405571   0.00396236   0.0043023   1.0252e-05   6.62606e-06   -1.02606e-06   -2.66231e-08   -2.66231e-08   0.00050456   0.000266272   0.000295086   0.000335899   0.000403784   0.000432521   0.00050693   0.000582869   1   0.000766136   -2.66231e-08   0.000887144   0.00103448   0.00118669   0.00137455   0.00161873   0.0018883   0.00222644   0.00265577   0.00298603   0.00345858   -2.66231e-08   -2.66231e-08   0.0025756   0.00344365   0.00482939   0.00657921   1.15914e-05   -2.53858e-08   -2.53858e-08   -2.12972e-05   7.83759e-06   1.54625e-05   2.96144e-05   3.29515e-05   3.08719e-05   4.07637e-05   3.60105e-05   5.89698e-05   7.52675e-05   -2.53858e-08   9.3641e-05   0.000141685   0.000175468   0.000224234   0.000312556   0.000528178   0.000628071   0.000860817   0.00126432   0.00177769   -2.53858e-08   -2.53858e-08   -1.74267e-07   
-0.0115036   0.000671741   0.00304687   0.00331312   7.98514e-06   5.37063e-06   -9.62137e-07   -4.54822e-08   -4.54822e-08   0.00049985   0.000241781   0.000269996   0.000301381   0.00035673   0.000382657   0.000441611   1   0.000582869   0.000647589   -4.54822e-08   0.000740275   0.000851046   0.000968115   0.00111098   0.0012953   0.00149903   0.00175089   0.00207465   0.00231763   0.00266716   -4.54822e-08   -4.54822e-08   0.00243885   0.00316398   0.00440081   0.00610948   1.25545e-05   -4.49753e-08   -4.49753e-08   0.000133998   4.85905e-05   5.70507e-05   7.93019e-05   9.24614e-05   9.07865e-05   0.000102988   0.000119372   0.000143622   0.000163284   -4.49753e-08   0.000192699   0.000244427   0.000296697   0.000345642   0.000439684   0.000671039   0.000739708   0.000948688   0.00130441   0.00175156   -4.49753e-08   -4.49753e-08   5.09919e-07   
-0.00866715   -0.00109442   0.00245934   0.0026775   6.51345e-06   4.51926e-06   -9.46871e-07   -5.34399e-08   -5.34399e-08   0.000478128   0.000219926   0.000246596   0.000271929   0.000318814   0.000342201   1   0.000441611   0.00050693   0.000561658   -5.34399e-08   0.000636233   0.000723956   0.000818469   0.00093272   0.00107935   0.00124141   0.00143926   0.00169631   0.0018851   0.00215798   -5.34399e-08   -5.34399e-08   0.00227511   0.00289898   0.00401185   0.00563392   1.2569e-05   -5.33282e-08   -5.33282e-08   0.000208737   6.76896e-05   7.62554e-05   0.00010182   0.000119527   0.000118125   0.000131047   0.000157674   0.00018166   0.000202299   -5.33282e-08   0.000236267   0.000287909   0.000347684   0.000394848   0.00048823   0.000718817   0.000768797   0.00095755   0.00127508   0.00167104   -5.33282e-08   -5.33282e-08   6.998e-07   
-0.0057763   -0.00296497   0.00186775   0.00203766   5.03543e-06   3.6724e-06   -9.41093e-07   -6.23951e-08   -6.23951e-08   0.000460681   0.000199316   0.000224866   0.000244107   0.000282375   1   0.000342201   0.000382657   0.000432521   0.000477546   -6.23951e-08   0.000533764   0.000598291   0.000670093   0.000755367   0.000863819   0.000983792   0.00112694   0.00131659   0.0014504   0.00164557   -6.23951e-08   -6.23951e-08   0.00212752   0.00265159   0.0036461   0.00519466   1.27209e-05   -6.2698e-08   -6.2698e-08   0.000289659   8.85245e-05   9.72944e-05   0.000126624   0.00014931   0.000148178   0.000161999   0.000199696   0.000223663   0.000245555   -6.2698e-08   0.000284684   0.000336796   0.00040512   0.00045092   0.000544623   0.000776906   0.000807761   0.000977279   0.00125806   0.00160446   -6.2698e-08   -6.2698e-08   4.2204e-07   
-0.0055338   -0.0025932   0.00176404   0.00192411   4.74721e-06   3.44516e-06   -9.73293e-07   -5.68133e-08   -5.68133e-08   0.00042554   0.000185114   0.000208641   0.000226814   1   0.000282375   0.000318814   0.00035673   0.000403784   0.000445981   -5.68133e-08   0.000499216   0.000560273   0.000628087   0.00070886   0.000811572   0.000925185   0.00106108   0.00124074   0.00136804   0.00155354   -5.68133e-08   -5.68133e-08   0.00197059   0.00246067   0.00338547   0.0048173   1.17063e-05   -5.70619e-08   -5.70619e-08   0.000260846   8.00058e-05   8.8069e-05   0.000114807   0.000135337   0.000134275   0.000146939   0.000180846   0.000202924   0.000222997   -5.70619e-08   0.000258659   0.000306626   0.000368931   0.000411219   0.000497507   0.000711342   0.000741174   0.000898739   0.00116008   0.00148281   -5.70619e-08   -5.70619e-08   -5.32473e-07   
-0.0033107   -0.00377736   0.00128308   0.00140326   3.53159e-06   2.71878e-06   -8.27573e-07   -6.06534e-08   -6.06534e-08   0.000396002   0.000163264   0.000185083   1   0.000226814   0.000244107   0.000271929   0.000301381   0.000335899   0.000369587   -6.06534e-08   0.000408038   0.000450498   0.000499844   0.000557363   0.000629387   0.000709272   0.000801818   0.00092756   0.00101167   0.0011359   -6.06534e-08   -6.06534e-08   0.00178755   0.00218857   0.00299359   0.00431569   1.13289e-05   -6.11778e-08   -6.11778e-08   0.00030595   9.10895e-05   9.89614e-05   0.000127197   0.000150316   0.000149485   0.000162248   0.000202398   0.000223555   0.000243665   -6.11778e-08   0.000281419   0.000327735   0.000393373   0.000432978   0.000515933   0.000722131   0.000737534   0.000875333   0.00110055   0.00137578   -6.11778e-08   -6.11778e-08   5.15415e-07   
-0.00144167   -0.00515903   0.000918223   0.00100909   2.62951e-06   2.22215e-06   -8.4773e-07   -6.85069e-08   -6.85069e-08   0.00039559   0.000154003   1   0.000185083   0.000208641   0.000224866   0.000246596   0.000269996   0.000295086   0.000323087   -6.85069e-08   0.000350245   0.000378098   0.00041344   0.000453004   0.000501169   0.000554765   0.000612818   0.000696395   0.000745573   0.000820591   -6.85069e-08   -6.85069e-08   0.00173923   0.00208407   0.00283205   0.00414266   1.17618e-05   -6.93282e-08   -6.93282e-08   0.00036987   0.000107906   0.000116145   0.000147762   0.000174939   0.000174268   0.000188014   0.000236858   0.000258618   0.000280166   -6.93282e-08   0.000322526   0.00037051   0.00044387   0.000483702   0.000569288   0.000782641   0.00078549   0.000914222   0.00112101   0.00137055   -6.93282e-08   -6.93282e-08   2.08972e-06   
-0.00179386   -0.00403665   0.000898792   0.000985731   2.53171e-06   2.06105e-06   -7.24383e-07   -5.67012e-08   -5.67012e-08   0.000340838   1   0.000154003   0.000163264   0.000185114   0.000199316   0.000219926   0.000241781   0.000266272   0.000291969   -5.67012e-08   0.000318714   0.000347023   0.000381606   0.000420993   0.000469623   0.000523559   0.000583756   0.000668209   0.000720891   0.000800051   -5.67012e-08   -5.67012e-08   0.00151265   0.00182632   0.00248755   0.00362006   1.00052e-05   -5.73212e-08   -5.73212e-08   0.000299777   8.79975e-05   9.49876e-05   0.000121228   0.000143443   0.000142818   0.00015437   0.000193883   0.000212451   0.00023059   -5.73212e-08   0.000265725   0.000306571   0.000367492   0.000401741   0.000474698   0.000656393   0.000662554   0.000776136   0.000959727   0.0011823   -5.73212e-08   -5.73212e-08   3.68156e-07   
0.00828514   -0.0223114   3.85385e-05   8.61735e-05   1.02963e-06   2.58085e-06   -2.3342e-06   -2.2871e-07   -2.2871e-07   1   0.000340838   0.00039559   0.000396002   0.00042554   0.000460681   0.000478128   0.00049985   0.00050456   0.00054075   -2.2871e-07   0.000538493   0.000516876   0.000518615   0.000505891   0.000477684   0.000447789   0.000376661   0.000322517   0.000225474   0.00010368   -2.2871e-07   -2.2871e-07   0.00421156   0.00474656   0.00632434   0.00965836   3.33729e-05   -2.3276e-07   -2.3276e-07   0.00137336   0.000388867   0.000412662   0.000516649   0.000613445   0.000612732   0.000654801   0.000837794   0.000898263   0.000963547   -2.3276e-07   0.00110336   0.00123888   0.00147936   0.00158439   0.0018239   0.00242476   0.00235134   0.00262771   0.00304678   0.00353029   -2.3276e-07   -2.3276e-07   -1.48441e-06   
-5.807e-06   7.91529e-06   7.62936e-07   8.1424e-07   1.67715e-09   4.72577e-10   5.6504e-10   8.95589e-10   1   -2.2871e-07   -5.67012e-08   -6.85069e-08   -6.06534e-08   -5.68133e-08   -6.23951e-08   -5.34399e-08   -4.54822e-08   -2.66231e-08   8.32554e-08   8.95589e-10   1.71393e-09   3.74408e-08   6.66648e-08   1.07482e-07   1.64227e-07   2.26511e-07   3.15372e-07   4.16654e-07   5.12246e-07   6.43578e-07   8.95589e-10   8.95589e-10   -8.40437e-07   -8.41376e-07   -1.07389e-06   -1.79578e-06   -8.38493e-09   8.97118e-10   8.97118e-10   -4.42551e-07   -1.22595e-07   -1.28699e-07   -1.59123e-07   -1.89368e-07   -1.89547e-07   -2.0104e-07   -2.60382e-07   -2.75193e-07   -2.92843e-07   8.97118e-10   -3.33878e-07   -3.67735e-07   -4.3789e-07   -4.61875e-07   -5.21046e-07   -6.70658e-07   -6.27678e-07   -6.7036e-07   -7.25186e-07   -7.79082e-07   8.97118e-10   8.97118e-10   5.59541e-08   
-5.807e-06   7.91529e-06   7.62936e-07   8.1424e-07   1.67715e-09   4.72577e-10   5.6504e-10   1   8.95589e-10   -2.2871e-07   -5.67012e-08   -6.85069e-08   -6.06534e-08   -5.68133e-08   -6.23951e-08   -5.34399e-08   -4.54822e-08   -2.66231e-08   8.32554e-08   8.95589e-10   1.71393e-09   3.74408e-08   6.66648e-08   1.07482e-07   1.64227e-07   2.26511e-07   3.15372e-07   4.16654e-07   5.12246e-07   6.43578e-07   8.95589e-10   8.95589e-10   -8.40437e-07   -8.41376e-07   -1.07389e-06   -1.79578e-06   -8.38493e-09   8.97118e-10   8.97118e-10   -4.42551e-07   -1.22595e-07   -1.28699e-07   -1.59123e-07   -1.89368e-07   -1.89547e-07   -2.0104e-07   -2.60382e-07   -2.75193e-07   -2.92843e-07   8.97118e-10   -3.33878e-07   -3.67735e-07   -4.3789e-07   -4.61875e-07   -5.21046e-07   -6.70658e-07   -6.27678e-07   -6.7036e-07   -7.25186e-07   -7.79082e-07   8.97118e-10   8.97118e-10   5.59541e-08   
-2.9365e-05   5.85791e-05   1.96062e-06   2.01662e-06   2.71911e-09   -3.09062e-09   1   5.6504e-10   5.6504e-10   -2.3342e-06   -7.24383e-07   -8.4773e-07   -8.27573e-07   -9.73293e-07   -9.41093e-07   -9.46871e-07   -9.62137e-07   -1.02606e-06   -1.07663e-06   5.6504e-10   -9.019e-07   -7.70652e-07   -6.95995e-07   -5.66206e-07   -3.68244e-07   -1.52556e-07   2.03111e-07   5.63163e-07   9.80334e-07   1.53406e-06   5.6504e-10   5.6504e-10   -9.322e-06   -1.02252e-05   -1.34989e-05   -2.10287e-05   -7.8449e-08   5.75934e-10   5.75934e-10   -3.48716e-06   -9.80186e-07   -1.03645e-06   -1.2923e-06   -1.53557e-06   -1.53484e-06   -1.63618e-06   -2.10183e-06   -2.24295e-06   -2.39973e-06   5.75934e-10   -2.74407e-06   -3.06211e-06   -3.65326e-06   -3.89377e-06   -4.4541e-06   -5.86294e-06   -5.62521e-06   -6.20384e-06   -7.05496e-06   -8.0121e-06   5.75934e-10   5.75934e-10   -9.86842e-08   
-0.000226124   0.00012729   4.82209e-05   5.22033e-05   1.21522e-07   1   -3.09062e-09   4.72577e-10   4.72577e-10   2.58085e-06   2.06105e-06   2.22215e-06   2.71878e-06   3.44516e-06   3.6724e-06   4.51926e-06   5.37063e-06   6.62606e-06   7.46546e-06   4.72577e-10   8.94914e-06   1.08226e-05   1.2674e-05   1.5011e-05   1.80889e-05   2.14828e-05   2.58573e-05   3.12855e-05   3.56543e-05   4.18458e-05   4.72577e-10   4.72577e-10   1.67468e-05   2.54748e-05   3.68845e-05   4.66136e-05   2.50922e-08   5.01811e-10   5.01811e-10   -5.04855e-06   -1.26026e-06   -1.25017e-06   -1.44005e-06   -1.73683e-06   -1.75973e-06   -1.7857e-06   -2.48176e-06   -2.41242e-06   -2.44116e-06   5.01811e-10   -2.70445e-06   -2.59065e-06   -3.0169e-06   -2.788e-06   -2.54525e-06   -2.00897e-06   -5.33898e-07   1.3428e-06   4.80575e-06   9.3849e-06   5.01811e-10   5.01811e-10   1.38108e-07   
-0.000441012   0.000311325   8.75938e-05   9.46689e-05   1   1.21522e-07   2.71911e-09   1.67715e-09   1.67715e-09   1.02963e-06   2.53171e-06   2.62951e-06   3.53159e-06   4.74721e-06   5.03543e-06   6.51345e-06   7.98514e-06   1.0252e-05   1.16499e-05   1.67715e-09   1.43577e-05   1.78433e-05   2.12055e-05   2.55028e-05   3.12031e-05   3.74848e-05   4.56979e-05   5.57672e-05   6.40625e-05   7.57623e-05   1.67715e-09   1.67715e-09   1.54172e-05   2.93845e-05   4.45042e-05   5.02898e-05   -7.36177e-08   1.74478e-09   1.74478e-09   -1.40933e-05   -3.68261e-06   -3.74931e-06   -4.4664e-06   -5.35229e-06   -5.39139e-06   -5.58899e-06   -7.50937e-06   -7.59932e-06   -7.88493e-06   1.74478e-09   -8.86362e-06   -9.14088e-06   -1.07758e-05   -1.07348e-05   -1.11491e-05   -1.23208e-05   -9.37466e-06   -6.94796e-06   -2.14529e-06   4.45788e-06   1.74478e-09   1.74478e-09   -2.44556e-08   
-0.195711   0.143999   0.0382747   1   9.46689e-05   5.22033e-05   2.01662e-06   8.1424e-07   8.1424e-07   8.61735e-05   0.000985731   0.00100909   0.00140326   0.00192411   0.00203766   0.0026775   0.00331312   0.0043023   0.00490047   8.1424e-07   0.00608493   0.00761623   0.00908527   0.0109682   0.0134698   0.0162263   0.0198415   0.0242622   0.0279226   0.0330799   8.1424e-07   8.1424e-07   0.00524498   0.0111605   0.0172098   0.018556   -4.40183e-05   8.4524e-07   8.4524e-07   -0.00664758   -0.00174767   -0.00178527   -0.0021356   -0.00255718   -0.00257402   -0.00267531   -0.00357965   -0.00364042   -0.00378842   8.4524e-07   -0.00426583   -0.00443509   -0.00523507   -0.00525437   -0.00552043   -0.00624575   -0.00493193   -0.00396923   -0.00201859   0.000696221   8.4524e-07   8.4524e-07   4.1428e-06   
-0.181503   0.134197   1   0.0382747   8.75938e-05   4.82209e-05   1.96062e-06   7.62936e-07   7.62936e-07   3.85385e-05   0.000898792   0.000918223   0.00128308   0.00176404   0.00186775   0.00245934   0.00304687   0.00396236   0.00451464   7.62936e-07   0.00561118   0.00702958   0.0083894   0.0101329   0.0124498   0.0150027   0.0183522   0.0224466   0.0258389   0.030618   7.62936e-07   7.62936e-07   0.004686   0.0101405   0.0156769   0.0167891   -4.20893e-05   7.91796e-07   7.91796e-07   -0.00620888   -0.00163345   -0.00166921   -0.0019977   -0.00239184   -0.0024074   -0.00250286   -0.00334737   -0.00340605   -0.00354568   7.91796e-07   -0.00399323   -0.00415537   -0.00490558   -0.00492767   -0.00518359   -0.00587917   -0.00466001   -0.00377995   -0.00199108   0.000502586   7.91796e-07   7.91796e-07   2.30354e-06   
-0.873195   1   0.134197   0.143999   0.000311325   0.00012729   5.85791e-05   7.91529e-06   7.91529e-06   -0.0223114   -0.00403665   -0.00515903   -0.00377736   -0.0025932   -0.00296497   -0.00109442   0.000671741   0.00405571   0.0053684   7.91529e-06   0.00959965   0.0154793   0.0206242   0.0275484   0.0369946   0.0473794   0.0617035   0.0784949   0.0935496   0.114432   7.91529e-06   7.91529e-06   -0.0743486   -0.0652718   -0.078714   -0.147471   -0.000891106   8.11369e-06   8.11369e-06   -0.0537343   -0.01474   -0.0153973   -0.018926   -0.0225476   -0.0225913   -0.0238762   -0.0311016   -0.0326493   -0.0346108   8.11369e-06   -0.0393779   -0.0429628   -0.0510876   -0.0534714   -0.0596906   -0.0754974   -0.069243   -0.0719396   -0.0742965   -0.0753779   8.11369e-06   8.11369e-06   -0.00249187   
1   -0.873195   -0.181503   -0.195711   -0.000441012   -0.000226124   -2.9365e-05   -5.807e-06   -5.807e-06   0.00828514   -0.00179386   -0.00144167   -0.0033107   -0.0055338   -0.0057763   -0.00866715   -0.0115036   -0.016162   -0.018697   -5.807e-06   -0.0243439   -0.0318018   -0.038766   -0.047819   -0.0599416   -0.0732898   -0.0910675   -0.112527   -0.130739   -0.156272   -5.807e-06   -5.807e-06   0.0107809   -0.012787   -0.0281515   -0.00628695   0.000491988   -5.98904e-06   -5.98904e-06   0.0432212   0.0115987   0.011979   0.0145247   0.0173479   0.0174219   0.0182597   0.024107   0.0249082   0.0261647   -5.98904e-06   0.0296177   0.0315705   0.0374093   0.0383913   0.0416853   0.0502241   0.0433603   0.0411294   0.0354147   0.0266159   -5.98904e-06   -5.98904e-06   -0.00423615   


NLL
-2303.67

