NUISANCE_PARAMETERS
SigXsecOverSM  4.74773e-06 +0.0505906 -4.74773e-06
BTag_C_NP1  0.00245331 +0.991804 -0.991804
BTag_C_NP3  0.00324741 +0.993345 -0.993345
BTag_C_NP4  0.0021848 +0.993346 -0.993346
BTag_C_NP5  4.34068e-05 +0.993346 -0.993346
BTag_Light_NP1  -0.0307653 +0.989262 -0.989262
BTag_Light_NP2  0.0062553 +0.993254 -0.993254
EG_Resolution  0.000118652 +0.991543 -0.991543
EG_Scale  0.123839 +0.980046 -0.980046
EGamFake  0.300949 +0.942409 -0.942409
JET+EtaIntercalibration_NonClosure_posEta  -0.000305292 +0.993339 -0.993339
JET_BJES_Response  0.0714294 +0.99088 -0.99088
JET_EffectiveNP_Detector1  0.00242998 +0.993348 -0.993348
JET_EffectiveNP_Mixed1  0.00260297 +0.993348 -0.993348
JET_EffectiveNP_Mixed2  0.00502172 +0.992577 -0.992577
JET_EffectiveNP_Mixed3  0.002647 +0.99334 -0.99334
JET_EffectiveNP_Modelling1  0.0933724 +0.988584 -0.988584
JET_EffectiveNP_Modelling2  -0.00296356 +0.993315 -0.993315
JET_EffectiveNP_Modelling3  0.00266067 +0.992452 -0.992452
JET_EffectiveNP_Modelling4  0.00258593 +0.993338 -0.993338
JET_EffectiveNP_Statiscal3  0.00259507 +0.992451 -0.992451
JET_EffectiveNP_Statistical1  0.00264193 +0.99334 -0.99334
JET_EffectiveNP_Statistical2  -0.00239124 +0.992655 -0.992655
JET_EffectiveNP_Statistical4  -0.00309288 +0.993299 -0.993299
JET_EffectiveNP_Statistical5  -0.00229544 +0.992462 -0.992462
JET_EffectiveNP_Statistical6  0.00258567 +0.993338 -0.993338
JET_EtaIntercalibration_Modeling1  0.000874305 +0.990772 -0.990772
JET_EtaIntercalibration_NonClosure_negEta  0.000201008 +0.993343 -0.993343
JET_EtaIntercalibration_TotalStat  -0.00390018 +0.992441 -0.992441
JET_Flavor_Composition  0.0403954 +0.99023 -0.99023
JET_Flavor_Response  -0.0225263 +0.992557 -0.992557
JET_Pileup_OffsetMu  0.0659061 +0.991566 -0.991566
JET_Pileup_OffsetNPV  0.018504 +0.992018 -0.992018
JET_Pileup_PtTerm  0.057833 +0.990571 -0.990571
JET_Pileup_RhoTopology  0.121351 +0.988295 -0.988295
JET_RelativeNonClosure_AFII  1.07525e-05 +0.993347 -0.993347
JGamFake  -0.306121 +0.951161 -0.951161
JVT  0.0618053 +0.8698 -0.8698
Lumi  0.0792828 +0.941563 -0.941563
MET_SoftTrk_ResoPara  -0.124661 +0.986604 -0.986604
MET_SoftTrk_ResoPerp  -0.0270272 +0.991224 -0.991224
MET_SoftTrk_Scale  -0.00769485 +0.992389 -0.992389
NNPDFUncertainty  -0.0478982 +0.987665 -0.987665
PDF4  -0.0188383 +0.992 -0.992
PhotonSF_ID  0.131789 +1.09728 -1.09728
PhotonSF_effIso  0 +0.99164 -0.99164
Pileup  0.768471 +0.659684 -0.659684
ScalemurmufWgam  0.110342 +1.00024 -1.00024
ScalemurmufZJets  -0.0599519 +0.868554 -0.868554
ScalemurmufZgam  0.00962188 +0.995966 -0.995966
Scalemurmufttgam  0.0132654 +0.976972 -0.976972
VVXsec  0.000217703 +0.99334 -0.99334
VjetXsec  0.0196731 +0.990063 -0.990063
stXsec  -0.00994182 +0.993222 -0.993222
ttXsec  0.074038 +0.981782 -0.981782
tt_Generator  0.336834 +0.73438 -0.73438
tt_Rad_HiLow  -0.33608 +0.917771 -0.917771
ttgamXsec  0.0254746 +0.977115 -0.977115
gamma_stat_SR_mqph_bin_0  0.919624 +0.221796 -0.221796
gamma_stat_SR_mqph_bin_1  1.04923 +0.17648 -0.17648
gamma_stat_SR_mqph_bin_2  1.05526 +0.120004 -0.120004
gamma_stat_SR_mqph_bin_3  1.02515 +0.0619577 -0.0619577
gamma_stat_SR_mqph_bin_4  0.994762 +0.0622215 -0.0622215
gamma_stat_SR_mqph_bin_5  0.982729 +0.0624411 -0.0624411
gamma_stat_SR_mqph_bin_6  0.991839 +0.0545652 -0.0545652
gamma_stat_SR_mqph_bin_7  0.993623 +0.0810098 -0.0810098
gamma_stat_SR_mqph_bin_8  0.995572 +0.0992771 -0.0992771
gamma_stat_SR_mqph_bin_9  1.00911 +0.113235 -0.113235


CORRELATION_MATRIX
68   68
0.000935765   0.0016958   0.00337196   -0.000355586   -0.0080554   -0.0033298   -0.000479813   0.000782105   0.00104415   0.0010126   -0.00171659   -0.00383115   -0.0125045   -0.00197653   -0.000262225   -0.000977123   -3.97649e-05   -0.000379892   -0.000200395   -0.00147477   -0.00137095   0.00271788   -9.62335e-08   -0.00116543   0.000663111   1.55936e-06   0.000563057   -0.000212381   0.00103777   -0.00465743   0.000693609   -0.00792182   -0.000297058   -0.00111407   1.53378e-05   -0.000323079   5.59172e-06   0.00122878   -0.00167763   0.000293559   6.94137e-05   -6.11049e-05   6.81462e-05   8.24382e-06   -0.000210293   1.15899e-05   5.78333e-05   7.44209e-05   6.83085e-05   6.27041e-05   -0.000163485   -0.00166576   5.70261e-05   -0.000334086   -2.35738e-05   -1.45265e-05   -0.000247676   -0.000105315   -0.00514062   -0.00204598   -9.62313e-05   -0.000129286   0.00104418   -7.96121e-06   1.63995e-06   -4.30748e-06   -0.000647756   1   
-0.00961117   -0.00548205   -0.00291709   -0.00565493   0.00185251   -0.0127171   -0.000443931   -0.000637148   0.00157869   -0.000833575   -0.0103575   -0.0128558   -0.0446124   -0.00677359   -0.00156296   -0.00464069   -3.72612e-05   -0.00229206   -0.000817397   -0.00554309   -0.00619006   -0.000891738   -1.98857e-07   -0.00292035   0.00291969   -0.00480985   0.00134321   0.00146529   0.00127449   -0.0195067   0.0039655   -0.0281468   2.91008e-07   -0.000288568   0.00200127   0.00307823   0.00233408   -0.00111926   0.000479307   0.00180206   0.000110751   0.00400888   0.000406073   -0.000284004   -0.000640538   -0.000285305   0.000396359   0.000415963   0.00040612   0.000405113   -0.000566257   -0.000901712   0.000395647   -0.00127093   0.000273476   0.000280537   -0.000300893   -0.000168145   -0.0182523   -0.00737782   0.00129131   -0.000473539   0.00419746   -7.46362e-06   0.000399634   0.000580569   1   -0.000647756   
0.00122617   0.00111118   0.000640873   0.00083206   -0.00186342   0.00211288   -0.00069818   -0.000953578   -0.00026672   0.000319872   0.000776961   0.00142451   0.00110572   0.000137071   0.000142056   0.000465921   -2.94347e-06   0.000171872   6.84421e-05   0.000483335   0.000474179   0.000390011   -9.96297e-09   0.00062589   -0.000141079   0.00104921   -5.50464e-05   -8.17692e-06   0.000461849   0.00126089   -0.000461636   0.00194013   1.53408e-07   -0.000333556   -0.000394058   -0.000504211   -0.000498639   0.00020969   -0.000138373   -0.000222549   2.73331e-06   -0.0005465   -3.66548e-05   3.96913e-05   3.23611e-05   4.02323e-05   -3.76075e-05   -3.65554e-05   -3.67578e-05   -3.73799e-05   3.41488e-05   -0.000251236   -3.76372e-05   0.000100678   -4.16072e-05   -4.01759e-05   -0.000203152   -3.69676e-06   0.00123377   0.000426113   -0.000239768   3.28616e-05   -0.000356151   -4.87888e-07   -7.10723e-05   1   0.000580569   -4.30748e-06   
0.000821229   0.00076816   0.000415695   0.000540102   -0.00115564   0.00141497   -0.000430582   -0.000646406   -0.000204974   0.000206556   0.000551952   0.000990541   0.000904126   0.000117329   9.97027e-05   0.000327047   -2.5059e-06   0.000121986   4.81809e-05   0.000323932   0.00035004   0.000293154   -3.60801e-08   0.000404526   -0.000104617   0.000702105   -4.14228e-05   -1.0045e-05   0.000296467   0.000909167   -0.00030519   0.00147819   -3.7864e-08   -0.000216043   -0.000265207   -0.000343093   -0.000336952   0.000139975   -8.78838e-05   -0.0001536   1.23523e-06   -0.000372686   -2.59565e-05   2.73326e-05   2.37149e-05   2.78635e-05   -2.66767e-05   -2.59019e-05   -2.59512e-05   -2.65091e-05   2.47562e-05   -0.000160102   -2.67151e-05   7.1753e-05   -2.88452e-05   -2.79909e-05   -0.000133332   -1.922e-06   0.000847263   0.000308781   -0.000164551   2.41926e-05   -0.000254567   -5.12581e-07   1   -7.10723e-05   0.000399634   1.63995e-06   
2.24325e-05   -1.94816e-05   3.42811e-05   4.3939e-05   -0.000187962   3.89128e-05   -7.44462e-05   -4.57921e-06   3.89619e-05   1.86949e-05   -3.8218e-05   -3.47928e-05   -0.000252221   -4.00452e-05   -5.15806e-06   -1.67025e-05   8.79905e-07   -8.48766e-06   -2.76434e-06   8.36356e-06   -4.53046e-05   -4.60768e-05   1.15067e-08   3.58795e-05   1.39837e-05   2.02638e-05   6.58146e-06   7.4128e-06   2.97926e-05   -8.45883e-05   -1.52834e-05   -0.000261999   6.85344e-08   -1.84947e-05   -5.03498e-06   -4.54724e-07   -4.30501e-06   4.45257e-06   -1.06173e-05   3.21686e-06   8.39766e-07   8.09399e-07   1.4176e-06   -5.8021e-07   -2.9638e-06   -7.4403e-07   1.59237e-06   1.40544e-06   1.38735e-06   1.72709e-06   -2.48429e-06   -1.82956e-05   1.67375e-06   -5.33009e-06   8.39472e-07   8.5414e-07   -8.40241e-06   -8.81095e-07   -1.20405e-05   -3.12634e-05   2.0333e-06   -3.19669e-06   2.01117e-05   1   -5.12581e-07   -4.87888e-07   -7.46362e-06   -7.96121e-06   
0.009751   0.00280517   0.00321866   0.00483758   0.00495423   0.00833188   0.00660253   0.00633153   0.000178047   -0.000496092   0.013485   0.0133819   0.0721624   0.0111328   0.00182606   0.00494158   0.000100089   0.00298409   0.000979288   0.00534849   0.00734332   -0.00421155   3.23797e-07   0.00250043   -0.0042862   0.00160891   -0.00191414   -0.00253081   -0.00495441   0.0262343   -0.00282811   0.032646   -1.17846e-07   0.00260914   -0.00103056   -0.00224537   -0.000910778   0.000701149   -6.08637e-05   -0.00172073   -0.00019361   -0.00369025   -0.000474188   0.000261272   0.000875382   0.000254488   -0.000448425   -0.000491932   -0.00047419   -0.000461642   0.000744742   0.0030864   -0.000446263   0.00155488   -0.000228195   -0.000245601   0.00190395   0.000294567   0.0264488   0.0104429   -0.000771174   0.000585632   1   2.01117e-05   -0.000254567   -0.000356151   0.00419746   0.00104418   
-0.00126733   -0.000325064   -0.000848634   -0.00050271   -0.000384205   -0.000595797   -0.00160587   -0.000702449   -0.0003206   0.000154005   -0.00188012   -0.00167081   -0.0105275   -0.00162611   -0.000236489   -0.000580034   -1.61473e-05   -0.000416148   -9.93538e-05   -0.00024886   -0.000930687   0.00136253   3.26798e-08   -0.000547928   0.000613141   2.83303e-05   0.000222278   0.000362588   0.00075219   -0.00359678   -6.79227e-05   -0.0035875   6.95526e-08   -0.000445607   5.65297e-05   0.000244944   1.56093e-05   -6.91469e-05   -1.44948e-05   0.000181897   2.36149e-05   0.000455538   6.1461e-05   -3.54473e-05   -0.00010891   -3.34643e-05   5.73136e-05   6.35397e-05   6.15316e-05   5.89278e-05   -9.29784e-05   -0.000476128   5.69925e-05   -0.000181234   3.07832e-05   3.27696e-05   -0.000330976   -3.56998e-05   -0.00409302   -0.00147697   6.93863e-05   1   0.000585632   -3.19669e-06   2.41926e-05   3.28616e-05   -0.000473539   -0.000129286   
0.0158385   0.00739585   0.00721466   0.00385881   -0.00609057   -0.00173908   0.000672422   -0.00653879   -0.000484593   -0.00379914   0.00955213   0.0106583   0.00653747   0.000686389   0.000686564   0.000920133   9.96893e-06   0.00211368   -0.000956448   -0.00297772   0.00231726   -0.00476733   -5.58149e-07   0.00105069   -0.00152657   0.000167372   0.000932713   -0.00214328   0.00271698   0.00850263   0.00248261   0.00738779   2.39087e-07   -0.00186048   -0.00116187   -0.00148374   -0.00116255   0.000551797   0.000537709   0.000473298   3.56827e-05   -0.00289097   -0.000178246   0.000217404   9.71402e-05   0.000210166   -0.000175672   -0.000174891   -0.000178346   -0.000171971   0.000120529   -0.00128863   -0.0001755   -0.000566389   -0.000227421   -0.000212564   -0.00101196   -5.40192e-05   0.00260834   0.00202217   1   6.93863e-05   -0.000771174   2.0333e-06   -0.000164551   -0.000239768   0.00129131   -9.62313e-05   
-0.0175436   -0.00871656   -0.00594533   0.00320447   0.00439747   -0.00644005   -0.0233595   -0.0131199   -0.0159557   -0.00553191   -0.0211732   -0.00488383   -0.0908842   -0.0141638   -0.00260294   -0.00967803   -0.000156604   -0.00468481   -0.000999787   -0.00206509   -0.0233664   -0.023548   5.58539e-07   -0.00834676   0.00603304   0.00178025   0.00211367   0.00620758   0.00944175   -0.0398175   -0.00124005   -0.0221476   7.53176e-07   -0.00718222   0.000353936   0.00301243   -0.000118627   0.000528952   -0.00434627   0.00189537   0.000224825   0.00638975   0.000676301   -0.000428759   -0.00112936   -0.000409143   0.000635633   0.000696545   0.000676401   0.000649842   -0.00097698   -0.0077163   0.000632449   -0.00181643   0.000385312   0.000400659   -0.00399142   -0.000341224   -0.0428623   1   0.00202217   -0.00147697   0.0104429   -3.12634e-05   0.000308781   0.000426113   -0.00737782   -0.00204598   
0.0115686   -0.00341592   0.0134358   0.0183058   -0.00964868   -0.166842   0.0550628   -0.14274   -0.00805484   -0.00363839   -0.039464   -0.0389115   -0.296924   -0.0467147   -0.00978787   -0.0242414   -6.11686e-05   -0.00873293   -0.00616675   -0.0442782   -0.0543525   -0.11706   -2.6456e-06   -0.205591   0.0155019   0.00986379   0.00686241   0.00269828   0.0220549   -0.104435   0.0415826   0.140513   1.68308e-06   -0.0171041   0.000891949   0.0113421   0.00476062   -0.000131657   -0.00663361   0.00841684   0.000126589   0.0101101   0.00254256   -0.00240101   -0.00280803   -0.00239344   0.00252665   0.00255266   0.00254289   0.0025359   -0.00272157   -0.0148753   0.00252571   -0.00856052   0.00239588   0.00239175   -0.00825227   -0.000192664   1   -0.0428623   0.00260834   -0.00409302   0.0264488   -1.20405e-05   0.000847263   0.00123377   -0.0182523   -0.00514062   
-0.000130062   0.000464001   0.00111604   -0.000339105   -0.00195347   -0.000659574   0.000729178   -0.00138272   0.000413626   4.95038e-05   -0.000395125   -0.000441071   -0.00304957   -0.000486759   -7.21051e-05   -0.000276367   -5.01859e-06   -8.72964e-05   -5.00612e-05   -0.00121648   -0.000414885   -0.00133028   -1.9382e-07   0.000617023   0.000159429   -4.59505e-05   0.000149718   0.000140992   0.000476375   -0.00107549   0.0009966   -0.0028965   1.90485e-07   -0.000194006   -2.33904e-05   -1.27097e-05   -4.90649e-05   2.23847e-05   -1.92833e-05   5.91229e-05   2.26351e-05   2.84209e-05   1.89348e-05   6.17087e-06   -6.69485e-05   5.00487e-06   1.75173e-05   2.09192e-05   1.89401e-05   1.94382e-05   -5.19986e-05   -0.000256049   1.75087e-05   -7.63866e-05   -9.56013e-06   -5.99933e-06   -0.000105411   1   -0.000192664   -0.000341224   -5.40192e-05   -3.56998e-05   0.000294567   -8.81095e-07   -1.922e-06   -3.69676e-06   -0.000168145   -0.000105315   
0.00212033   0.00307832   0.0062645   0.00994529   -0.000105714   0.000484137   -0.0134668   -0.00989668   -0.00948116   -0.00392326   -0.000878198   0.0225125   -0.00521862   -0.00134575   7.90002e-05   -0.00134947   -4.22943e-05   -0.000194295   -0.000331768   -0.000103586   -0.00534457   -0.0115939   1.31818e-07   -0.00212063   0.000409038   0.00396085   0.00061257   0.000954294   0.00659184   -0.00316574   -0.000968375   0.0151608   1.81929e-07   -0.00534669   -0.00264347   -0.000971094   -0.00302679   0.00100353   -0.00115682   5.06271e-05   6.95362e-05   -0.000564866   -2.04314e-05   9.6752e-05   -0.000120895   0.000100733   -3.13981e-05   -1.40741e-05   -2.0388e-05   -2.68421e-05   -7.40275e-05   -0.0044136   -3.23678e-05   -0.000284758   -0.000118012   -0.000103802   1   -0.000105411   -0.00825227   -0.00399142   -0.00101196   -0.000330976   0.00190395   -8.40241e-06   -0.000133332   -0.000203152   -0.000300893   -0.000247676   
0.00117299   0.00074288   0.00219255   -0.000119276   -0.00145758   0.000897913   0.000422748   -0.000932286   -0.000558273   0.000348471   0.000871746   0.00143855   0.00175609   0.000234579   0.00026498   0.000263284   4.28982e-06   0.000192892   6.07144e-05   -0.00040509   0.000535887   -0.00340348   -1.19201e-07   0.00127015   -0.000175265   -0.000181094   -3.91894e-05   -0.00019206   0.000261097   0.00133762   0.000443474   2.889e-05   1.94645e-07   -0.000248181   -0.000334135   -0.000350919   -0.000395086   0.000157007   -4.71116e-05   -0.000115334   4.10248e-06   -0.00047145   -6.86672e-05   7.33315e-05   5.89461e-05   7.15603e-05   -6.76885e-05   -6.83004e-05   -6.85804e-05   -6.6956e-05   6.15309e-05   -0.000175048   -6.74955e-05   0.000120173   -7.38715e-05   1   -0.000103802   -5.99933e-06   0.00239175   0.000400659   -0.000212564   3.27696e-05   -0.000245601   8.5414e-07   -2.79909e-05   -4.01759e-05   0.000280537   -1.45265e-05   
0.0011806   0.000815607   0.00238525   -0.000139246   -0.00163461   0.000820987   0.000485818   -0.00109601   -0.000512308   0.000381696   0.000867643   0.00147457   0.0015693   0.000202213   0.000263029   0.000246966   3.90471e-06   0.000191967   5.82384e-05   -0.000535885   0.000522907   -0.00361799   -1.53624e-07   0.00133084   -0.00016798   -0.000185719   -2.63439e-05   -0.000173079   0.00031644   0.00129693   0.000550375   -0.000139257   1.40296e-07   -0.000272812   -0.000348315   -0.000359909   -0.000419004   0.000157883   -4.65306e-05   -0.000113197   6.42542e-06   -0.000484965   -6.82756e-05   7.52356e-05   5.34231e-05   7.34314e-05   -6.72593e-05   -6.77531e-05   -6.82468e-05   -6.64562e-05   5.74787e-05   -0.000201794   -6.7107e-05   0.00011912   1   -7.38715e-05   -0.000118012   -9.56013e-06   0.00239588   0.000385312   -0.000227421   3.07832e-05   -0.000228195   8.39472e-07   -2.88452e-05   -4.16072e-05   0.000273476   -2.35738e-05   
-0.00279173   0.000387714   -0.000417569   -0.00284164   -0.000274237   -0.00513926   -0.00163995   0.00128817   0.000542515   0.000411892   -0.0036462   -0.00493523   -0.0188693   -0.00290283   -0.000692302   -0.00147501   -2.68395e-05   -0.000806863   0.00107214   -0.00146412   -0.00355359   -0.00130793   1.23384e-07   -0.00156914   0.00113665   -0.000392313   -0.000566457   0.000682445   0.00107225   -0.00735919   0.00117784   -0.00933293   2.36726e-07   -0.000454958   -0.000616959   0.000768051   -0.000636674   -0.000115369   2.01073e-05   -0.000643572   5.05661e-05   0.000906397   0.000179963   -0.000124173   -0.000283755   -0.000122088   0.000172934   0.000184443   0.000180016   0.00017661   -0.000249687   -0.000637296   0.00017246   1   0.00011912   0.000120173   -0.000284758   -7.63866e-05   -0.00856052   -0.00181643   -0.000566389   -0.000181234   0.00155488   -5.33009e-06   7.1753e-05   0.000100678   -0.00127093   -0.000334086   
0.00126614   0.000422765   0.00143162   0.00011839   -0.000136386   0.00135652   -8.58449e-05   1.65569e-05   -0.000839126   0.00031689   0.00114055   0.00173982   0.00382763   0.000565237   0.000314273   0.00045183   7.90433e-06   0.000252349   9.506e-05   0.000431607   0.000816977   -0.002498   1.50008e-08   0.000851408   -0.000283454   -0.000147596   -0.000141522   -0.00028827   -6.25575e-05   0.00206957   -0.000242649   0.00199203   1.93542e-07   -0.000117071   -0.000318794   -0.000342473   -0.000362226   0.00014252   -3.5069e-05   -0.000155686   -1.12978e-05   -0.000491373   -8.14358e-05   6.91099e-05   0.000104746   6.81138e-05   -7.95272e-05   -8.26363e-05   -8.14469e-05   -8.01175e-05   9.71014e-05   -1.15695e-06   1   0.00017246   -6.7107e-05   -6.74955e-05   -3.23678e-05   1.75087e-05   0.00252571   0.000632449   -0.0001755   5.69925e-05   -0.000446263   1.67375e-06   -2.67151e-05   -3.76372e-05   0.000395647   5.70261e-05   
0.000898643   0.00433429   0.00800094   0.00703147   -0.00682967   0.00262821   -0.0160675   -0.016129   -0.0111589   -0.00224188   -0.00492876   0.0184735   -0.0374602   -0.0063682   -9.43146e-05   -0.00242439   -9.21441e-05   -0.00109071   -0.000573715   -0.00237752   -0.00675151   -0.0140256   -3.2439e-07   0.000191494   0.00204842   0.00400142   0.00133544   0.00188375   0.00968634   -0.0118095   0.000278469   0.00177926   6.65178e-07   -0.00723934   -0.00309194   -0.00123655   -0.00386375   0.00119754   -0.00141471   0.000325686   0.00016862   -0.000331748   2.46343e-05   0.000160647   -0.000371379   0.000167318   7.74939e-07   4.01211e-05   2.46734e-05   1.23442e-05   -0.000257701   1   -1.15695e-06   -0.000637296   -0.000201794   -0.000175048   -0.0044136   -0.000256049   -0.0148753   -0.0077163   -0.00128863   -0.000476128   0.0030864   -1.82956e-05   -0.000160102   -0.000251236   -0.000901712   -0.00166576   
-0.00140147   5.22683e-05   -0.000297916   -0.000468867   -0.00183443   -0.00203337   0.00083716   -0.0014257   0.00125675   -0.000268513   -0.0015391   -0.00218611   -0.0069098   -0.00105696   -0.000387291   -0.000731767   -1.28716e-05   -0.000340521   -0.000145663   -0.00167277   -0.00123499   0.00114745   -1.95617e-07   -0.00022643   0.000444722   9.86366e-05   0.000293679   0.000431471   0.000545224   -0.00315714   0.00126036   -0.00491687   2.05649e-07   -7.84727e-05   0.000295791   0.000329857   0.000312793   -0.000119966   1.66174e-05   0.000215747   3.4461e-05   0.000520545   0.00010075   -6.26535e-05   -0.000172687   -6.2773e-05   9.73778e-05   0.000103711   0.0001007   0.000100097   1   -0.000257701   9.71014e-05   -0.000249687   5.74787e-05   6.15309e-05   -7.40275e-05   -5.19986e-05   -0.00272157   -0.00097698   0.000120529   -9.29784e-05   0.000744742   -2.48429e-06   2.47562e-05   3.41488e-05   -0.000566257   -0.000163485   
0.00127626   0.000392684   0.00136776   0.000143433   -3.83339e-05   0.00140033   -0.000137689   9.94704e-05   -0.000859904   0.000315844   0.00116021   0.00176271   0.00398464   0.000590295   0.000318209   0.000466852   8.42678e-06   0.000256763   9.77967e-05   0.000505831   0.000837316   -0.00242221   6.2157e-08   0.000817942   -0.000291462   -0.000142612   -0.000149697   -0.000295883   -8.80804e-05   0.0021255   -0.000304122   0.00213922   2.39232e-07   -0.000107202   -0.000317855   -0.000341631   -0.000359526   0.000141666   -3.48534e-05   -0.000158733   -1.24381e-05   -0.000492803   -8.233e-05   6.8748e-05   0.00010867   6.77682e-05   -8.03396e-05   -8.35493e-05   -8.22641e-05   1   0.000100097   1.23442e-05   -8.01175e-05   0.00017661   -6.64562e-05   -6.6956e-05   -2.68421e-05   1.94382e-05   0.0025359   0.000649842   -0.000171971   5.89278e-05   -0.000461642   1.72709e-06   -2.65091e-05   -3.73799e-05   0.000405113   6.27041e-05   
0.00123456   0.000450127   0.00138342   5.66753e-05   0.00012781   0.00130173   1.87808e-05   2.29302e-05   -0.000893942   0.000290589   0.0011944   0.00178852   0.00418226   0.000621557   0.000321588   0.00047539   7.00008e-06   0.000264247   9.89451e-05   0.000419774   0.000880808   -0.00243324   1.66905e-08   0.000801013   -0.000303013   -0.000175897   -0.000150482   -0.000298656   -0.000104224   0.00218833   -0.00022117   0.00236055   1.61925e-07   -9.10577e-05   -0.000311546   -0.000341789   -0.000355949   0.000136292   -1.99247e-05   -0.000160249   -1.22436e-05   -0.000492537   -8.33512e-05   6.99355e-05   0.000109153   6.94253e-05   -8.16582e-05   -8.45329e-05   1   -8.22641e-05   0.0001007   2.46734e-05   -8.14469e-05   0.000180016   -6.82468e-05   -6.85804e-05   -2.0388e-05   1.89401e-05   0.00254289   0.000676401   -0.000178346   6.15316e-05   -0.00047419   1.38735e-06   -2.59512e-05   -3.67578e-05   0.00040612   6.83085e-05   
0.0012416   0.000421725   0.00131481   7.71697e-05   0.000246149   0.00134083   -2.54068e-05   0.000106818   -0.000918399   0.000287415   0.00121735   0.00181396   0.00436428   0.000650532   0.000325663   0.000491725   7.19315e-06   0.000269315   0.000101758   0.00049318   0.000905367   -0.00235098   1.27181e-08   0.000763107   -0.000312651   -0.000173052   -0.000159685   -0.000307051   -0.000133129   0.00225212   -0.000281612   0.00253462   -6.7032e-08   -7.92653e-05   -0.000309965   -0.000340772   -0.000352897   0.000134714   -1.88272e-05   -0.00016374   -1.36387e-05   -0.000494077   -8.45636e-05   6.94227e-05   0.000113048   6.88706e-05   -8.2769e-05   1   -8.45329e-05   -8.35493e-05   0.000103711   4.01211e-05   -8.26363e-05   0.000184443   -6.77531e-05   -6.83004e-05   -1.40741e-05   2.09192e-05   0.00255266   0.000696545   -0.000174891   6.35397e-05   -0.000491932   1.40544e-06   -2.59019e-05   -3.65554e-05   0.000415963   7.44209e-05   
0.00126354   0.000424816   0.00142771   0.00011359   -0.000116012   0.0013521   -7.7797e-05   1.7098e-05   -0.00084325   0.000314815   0.00114447   0.00174315   0.00385461   0.000569372   0.00031477   0.000453552   7.72308e-06   0.000253181   9.53286e-05   0.000430486   0.000821807   -0.00249266   -5.84395e-09   0.000847347   -0.000285008   -0.000149784   -0.000142286   -0.000289172   -6.58859e-05   0.00207836   -0.000241003   0.00202034   7.02179e-08   -0.000115087   -0.000318267   -0.000342499   -0.000361721   0.000141854   -3.39048e-05   -0.000156034   -1.13556e-05   -0.0004915   -8.16852e-05   6.91126e-05   0.000105123   6.82141e-05   1   -8.2769e-05   -8.16582e-05   -8.03396e-05   9.73778e-05   7.74939e-07   -7.95272e-05   0.000172934   -6.72593e-05   -6.76885e-05   -3.13981e-05   1.75173e-05   0.00252665   0.000635633   -0.000175672   5.73136e-05   -0.000448425   1.59237e-06   -2.66767e-05   -3.76075e-05   0.000396359   5.78333e-05   
-0.00117834   -0.000721854   -0.00215025   0.000101334   0.00140235   -0.000925564   -0.000386233   0.000878809   0.000568533   -0.000348059   -0.000880413   -0.00144872   -0.00184002   -0.000248052   -0.000266465   -0.000271207   -4.1697e-06   -0.000194812   -6.19565e-05   0.000357735   -0.000545232   0.00335239   1.41972e-07   -0.00124825   0.00017965   0.000177131   4.44469e-05   0.000196517   -0.000245809   -0.0013662   -0.000403215   -0.000108816   9.01902e-08   0.000242754   0.000333524   0.000350178   0.000393313   -0.000156111   4.77553e-05   0.000117053   -3.0033e-06   0.000471909   6.93802e-05   -7.25631e-05   -6.0793e-05   1   6.82141e-05   6.88706e-05   6.94253e-05   6.77682e-05   -6.2773e-05   0.000167318   6.81138e-05   -0.000122088   7.34314e-05   7.15603e-05   0.000100733   5.00487e-06   -0.00239344   -0.000409143   0.000210166   -3.34643e-05   0.000254488   -7.4403e-07   2.78635e-05   4.02323e-05   -0.000285305   1.15899e-05   
-0.00145623   0.000251996   0.000191291   -0.000611799   -0.00270613   -0.00231707   0.00114657   -0.00202842   0.00144162   -0.000245051   -0.00171609   -0.00238298   -0.0082678   -0.00127371   -0.00041946   -0.000854423   -1.51503e-05   -0.000379816   -0.000167933   -0.00220201   -0.00142123   0.000564127   -2.75767e-07   4.57362e-05   0.000515705   8.08558e-05   0.000359663   0.000493872   0.000756021   -0.00363602   0.00169282   -0.00620837   1.90393e-07   -0.000165115   0.000285163   0.000324292   0.000291109   -0.000110007   6.87612e-06   0.000241807   4.43924e-05   0.000533125   0.000109081   -6.0192e-05   1   -6.0793e-05   0.000105123   0.000113048   0.000109153   0.00010867   -0.000172687   -0.000371379   0.000104746   -0.000283755   5.34231e-05   5.89461e-05   -0.000120895   -6.69485e-05   -0.00280803   -0.00112936   9.71402e-05   -0.00010891   0.000875382   -2.9638e-06   2.37149e-05   3.23611e-05   -0.000640538   -0.000210293   
-0.00113929   -0.000784974   -0.0021885   0.000188501   0.0012842   -0.000823716   -0.000545779   0.000976254   0.000593976   -0.000326062   -0.000907008   -0.00146781   -0.00197361   -0.000269109   -0.000268954   -0.000274912   -2.9258e-06   -0.000200718   -6.23393e-05   0.000459932   -0.000579707   0.00339197   1.57117e-07   -0.00124568   0.000187834   0.000209299   4.26787e-05   0.000196829   -0.000239638   -0.00140844   -0.000499101   -0.000264683   1.10101e-07   0.000231368   0.000328699   0.000351   0.00039148   -0.000151865   3.41882e-05   0.000117485   -3.80256e-06   0.000471827   7.00238e-05   1   -6.0192e-05   -7.25631e-05   6.91126e-05   6.94227e-05   6.99355e-05   6.8748e-05   -6.26535e-05   0.000160647   6.91099e-05   -0.000124173   7.52356e-05   7.33315e-05   9.6752e-05   6.17087e-06   -0.00240101   -0.000428759   0.000217404   -3.54473e-05   0.000261272   -5.8021e-07   2.73326e-05   3.96913e-05   -0.000284004   8.24382e-06   
0.00123443   0.000450105   0.00138325   5.66074e-05   0.000127864   0.0013016   1.8716e-05   2.29298e-05   -0.000893853   0.000290576   0.0011942   0.00178835   0.00418175   0.000621479   0.000321633   0.000475261   6.96198e-06   0.000264233   9.8868e-05   0.00041977   0.000880713   -0.00243286   2.61612e-08   0.000800942   -0.000302966   -0.00017587   -0.000150648   -0.000298575   -0.00010426   0.00218814   -0.000221146   0.0023604   1.71442e-07   -9.09948e-05   -0.000311494   -0.000341664   -0.000356002   0.000136277   -1.992e-05   -0.000160275   -1.22683e-05   -0.00049246   1   7.00238e-05   0.000109081   6.93802e-05   -8.16852e-05   -8.45636e-05   -8.33512e-05   -8.233e-05   0.00010075   2.46343e-05   -8.14358e-05   0.000179963   -6.82756e-05   -6.86672e-05   -2.04314e-05   1.89348e-05   0.00254256   0.000676301   -0.000178246   6.1461e-05   -0.000474188   1.4176e-06   -2.59565e-05   -3.66548e-05   0.000406073   6.81462e-05   
0.0217907   0.0119701   0.0106489   0.00175949   -0.00906523   0.00385204   -0.00246556   0.00176206   -0.00167075   0.00149362   0.0110492   0.0121535   0.0219785   0.00304732   0.00189648   0.00398188   4.36471e-06   0.00244505   0.000525902   0.00246748   0.00769526   -0.0012733   2.09564e-07   0.00195989   -0.00223844   0.00155645   -0.000490411   -0.00361445   0.00153656   0.0161351   -0.00186314   0.0187969   2.25456e-07   -0.00126498   -0.00302421   -0.00337984   -0.00323043   0.0011564   0.000835189   -0.00124061   -1.84137e-05   1   -0.00049246   0.000471827   0.000533125   0.000471909   -0.0004915   -0.000494077   -0.000492537   -0.000492803   0.000520545   -0.000331748   -0.000491373   0.000906397   -0.000484965   -0.00047145   -0.000564866   2.84209e-05   0.0101101   0.00638975   -0.00289097   0.000455538   -0.00369025   8.09399e-07   -0.000372686   -0.0005465   0.00400888   -6.11049e-05   
8.55298e-05   -0.00030538   -0.000734557   0.000223141   0.00128578   0.000434103   -0.000479967   0.000909988   -0.000272224   -3.2547e-05   0.000260366   0.000290285   0.00200688   0.000320383   4.76443e-05   0.000181994   3.58665e-06   5.76058e-05   3.31774e-05   0.000800788   0.000273371   0.000875786   1.70258e-07   -0.000405795   -0.000104702   3.04543e-05   -9.82556e-05   -9.24331e-05   -0.000313201   0.000708064   -0.000655803   0.00190651   1.88808e-07   0.000127815   1.57294e-05   8.60465e-06   3.25273e-05   -1.44188e-05   1.28852e-05   -3.87802e-05   1   -1.84137e-05   -1.22683e-05   -3.80256e-06   4.43924e-05   -3.0033e-06   -1.13556e-05   -1.36387e-05   -1.22436e-05   -1.24381e-05   3.4461e-05   0.00016862   -1.12978e-05   5.05661e-05   6.42542e-06   4.10248e-06   6.95362e-05   2.26351e-05   0.000126589   0.000224825   3.56827e-05   2.36149e-05   -0.00019361   8.39766e-07   1.23523e-06   2.73331e-06   0.000110751   6.94137e-05   
0.00346179   0.000720292   -0.000254066   0.0041962   -0.00237072   0.00728515   0.000876463   -0.00282041   -7.02059e-05   -0.000362216   0.0038428   0.00549573   0.0179202   0.00273622   0.000616898   0.00179062   1.62634e-05   0.000850317   -0.0011846   0.00184665   0.00365597   0.00482731   -1.59184e-07   0.00172866   -0.00113003   0.00214122   0.000702094   -0.000450044   -0.00042728   0.00755737   -0.00170765   0.0106902   2.20101e-08   0.000137239   0.000460982   -0.00120171   0.000385414   0.000283234   -0.000193565   1   -3.87802e-05   -0.00124061   -0.000160275   0.000117485   0.000241807   0.000117053   -0.000156034   -0.00016374   -0.000160249   -0.000158733   0.000215747   0.000325686   -0.000155686   -0.000643572   -0.000113197   -0.000115334   5.06271e-05   5.91229e-05   0.00841684   0.00189537   0.000473298   0.000181897   -0.00172073   3.21686e-06   -0.0001536   -0.000222549   0.00180206   0.000293559   
-0.00640098   -0.00311535   -0.00867955   -0.00478542   0.000669515   0.0168049   -0.00770502   -0.00360253   -0.00669952   0.0035985   -0.0080309   -0.00685697   -0.0306616   -0.00452729   7.75461e-05   0.000259887   -5.3601e-05   -0.0017771   8.53524e-06   0.00622357   -0.000212481   0.00688135   5.80416e-07   0.00129829   0.00211184   0.00143803   7.04918e-05   0.0020453   0.00120224   -0.00909324   -0.00636348   -0.00174577   5.42031e-07   -0.00129381   8.89854e-05   -0.000588233   -0.000744952   0.000304341   1   -0.000193565   1.28852e-05   0.000835189   -1.992e-05   3.41882e-05   6.87612e-06   4.77553e-05   -3.39048e-05   -1.88272e-05   -1.99247e-05   -3.48534e-05   1.66174e-05   -0.00141471   -3.5069e-05   2.01073e-05   -4.65306e-05   -4.71116e-05   -0.00115682   -1.92833e-05   -0.00663361   -0.00434627   0.000537709   -1.44948e-05   -6.08637e-05   -1.06173e-05   -8.78838e-05   -0.000138373   0.000479307   -0.00167763   
-0.00244267   -0.00210207   -0.00176577   -0.000999572   0.00312675   -0.00604719   0.00432881   0.00293572   0.0031435   -0.00133155   -0.000562765   -0.0034696   0.00755411   0.00127003   -0.000523924   -0.000895756   2.21482e-05   -0.000124583   1.44929e-05   -0.00170754   -0.00133655   0.000561249   -2.24801e-08   -0.00160294   -0.000184538   -0.00168116   -8.5317e-05   8.8846e-06   -0.00184865   -0.000628521   0.00181468   -0.00321589   -1.70191e-07   0.00154868   0.00110785   0.00119195   0.00145383   1   0.000304341   0.000283234   -1.44188e-05   0.0011564   0.000136277   -0.000151865   -0.000110007   -0.000156111   0.000141854   0.000134714   0.000136292   0.000141666   -0.000119966   0.00119754   0.00014252   -0.000115369   0.000157883   0.000157007   0.00100353   2.23847e-05   -0.000131657   0.000528952   0.000551797   -6.91469e-05   0.000701149   4.45257e-06   0.000139975   0.00020969   -0.00111926   0.00122878   
0.00852363   0.00674762   0.0135062   0.0149448   -0.00583134   0.00499072   -0.0120002   -0.0107227   -0.00881376   -0.00256495   0.00589159   0.0316158   0.020797   0.00250217   0.00137095   0.00145782   -2.18444e-05   0.00130383   -0.00135558   0.000790881   0.00125806   -0.0102827   -1.08007e-07   0.000768434   -0.00137786   0.00583078   0.00121111   -0.000573621   0.00635331   0.0091241   -0.00163506   0.0276974   2.57838e-07   -0.00529922   -0.00309287   -0.00293208   1   0.00145383   -0.000744952   0.000385414   3.25273e-05   -0.00323043   -0.000356002   0.00039148   0.000291109   0.000393313   -0.000361721   -0.000352897   -0.000355949   -0.000359526   0.000312793   -0.00386375   -0.000362226   -0.000636674   -0.000419004   -0.000395086   -0.00302679   -4.90649e-05   0.00476062   -0.000118627   -0.00116255   1.56093e-05   -0.000910778   -4.30501e-06   -0.000336952   -0.000498639   0.00233408   5.59172e-06   
0.00778296   0.00619196   0.00779841   0.00272697   -0.0092965   0.0105192   -0.00136415   -0.00563648   -0.00290275   0.00204337   0.00568841   0.00969501   0.0115145   0.00156255   0.00131647   0.00268599   -2.44987e-06   0.00125884   0.000459338   0.00114174   0.00366893   -0.00701728   -4.03554e-07   0.00541075   -0.00115107   0.00341088   -0.000408652   -0.000646507   0.0021287   0.00930696   -0.000835362   0.00999745   2.64045e-07   -0.00177123   -0.00237311   1   -0.00293208   0.00119195   -0.000588233   -0.00120171   8.60465e-06   -0.00337984   -0.000341664   0.000351   0.000324292   0.000350178   -0.000342499   -0.000340772   -0.000341789   -0.000341631   0.000329857   -0.00123655   -0.000342473   0.000768051   -0.000359909   -0.000350919   -0.000971094   -1.27097e-05   0.0113421   0.00301243   -0.00148374   0.000244944   -0.00224537   -4.54724e-07   -0.000343093   -0.000504211   0.00307823   -0.000323079   
0.00765699   0.00685556   0.0144358   0.0163291   -0.00405636   -0.00229435   -0.0139435   -0.00388308   -0.00647823   -0.00197754   0.0056259   0.0305586   0.0215454   0.00257884   0.00120016   0.00141624   -2.56874e-05   0.00124503   -0.00119262   0.00138505   0.00204633   -0.00395274   3.72071e-07   -0.00244637   -0.00135531   0.00579336   0.00107163   -0.0012469   0.00569545   0.0087699   -0.00216252   0.0276057   1.74282e-07   -0.00468279   1   -0.00237311   -0.00309287   0.00110785   8.89854e-05   0.000460982   1.57294e-05   -0.00302421   -0.000311494   0.000328699   0.000285163   0.000333524   -0.000318267   -0.000309965   -0.000311546   -0.000317855   0.000295791   -0.00309194   -0.000318794   -0.000616959   -0.000348315   -0.000334135   -0.00264347   -2.33904e-05   0.000891949   0.000353936   -0.00116187   5.65297e-05   -0.00103056   -5.03498e-06   -0.000265207   -0.000394058   0.00200127   1.53378e-05   
0.0033591   0.00584173   0.0119913   0.0148417   -0.00225729   -0.000210856   -0.0247254   -0.0131449   -0.0151906   -0.00363277   -0.00252309   0.03309   -0.0226112   -0.00438749   0.000351065   -0.00182078   -9.2661e-05   -0.000558282   -0.000506487   0.000701493   -0.00659023   -0.0144009   4.69231e-07   -0.00377751   0.00128477   0.00622809   0.00111518   0.0011464   0.0112093   -0.00730642   -0.00261393   0.0198764   4.85229e-07   1   -0.00468279   -0.00177123   -0.00529922   0.00154868   -0.00129381   0.000137239   0.000127815   -0.00126498   -9.09948e-05   0.000231368   -0.000165115   0.000242754   -0.000115087   -7.92653e-05   -9.10577e-05   -0.000107202   -7.84727e-05   -0.00723934   -0.000117071   -0.000454958   -0.000272812   -0.000248181   -0.00534669   -0.000194006   -0.0171041   -0.00718222   -0.00186048   -0.000445607   0.00260914   -1.84947e-05   -0.000216043   -0.000333556   -0.000288568   -0.00111407   
-3.53153e-07   -5.48303e-07   -1.15551e-06   -1.91378e-07   2.47505e-06   1.23508e-06   3.94078e-07   -2.98073e-07   -2.92423e-07   -3.11304e-07   7.48829e-07   8.10839e-07   3.68409e-06   7.13777e-07   1.45054e-07   3.67219e-07   1.91193e-07   2.23775e-07   1.99196e-07   5.70913e-07   5.7613e-07   -6.72688e-07   2.46441e-08   6.58384e-07   -5.55141e-09   3.70957e-08   2.20268e-09   2.97368e-07   -3.15313e-07   1.46323e-06   -1.89979e-07   2.30156e-06   1   4.85229e-07   1.74282e-07   2.64045e-07   2.57838e-07   -1.70191e-07   5.42031e-07   2.20101e-08   1.88808e-07   2.25456e-07   1.71442e-07   1.10101e-07   1.90393e-07   9.01902e-08   7.02179e-08   -6.7032e-08   1.61925e-07   2.39232e-07   2.05649e-07   6.65178e-07   1.93542e-07   2.36726e-07   1.40296e-07   1.94645e-07   1.81929e-07   1.90485e-07   1.68308e-06   7.53176e-07   2.39087e-07   6.95526e-08   -1.17846e-07   6.85344e-08   -3.7864e-08   1.53408e-07   2.91008e-07   -0.000297058   
-0.0290541   -0.00848024   -0.0387075   -0.0482452   -0.117992   0.0121431   -0.0685607   0.157742   0.0193655   0.0175551   -0.0648496   -0.235182   -0.269549   -0.0381723   -0.00908639   -0.0334638   -0.00131427   -0.0143506   -0.00591567   -0.016399   -0.0489905   0.127614   5.72536e-07   0.152874   0.0173853   -0.0280053   0.0151138   0.0151652   -0.00345226   -0.123321   -0.00749658   1   2.30156e-06   0.0198764   0.0276057   0.00999745   0.0276974   -0.00321589   -0.00174577   0.0106902   0.00190651   0.0187969   0.0023604   -0.000264683   -0.00620837   -0.000108816   0.00202034   0.00253462   0.00236055   0.00213922   -0.00491687   0.00177926   0.00199203   -0.00933293   -0.000139257   2.889e-05   0.0151608   -0.0028965   0.140513   -0.0221476   0.00738779   -0.0035875   0.032646   -0.000261999   0.00147819   0.00194013   -0.0281468   -0.00792182   
0.000714637   -0.00247803   -0.00474282   -0.00270878   -0.00847181   0.0597216   -0.0191079   -0.0158019   -0.00360703   -0.00164784   0.00132049   0.00607684   -0.00113229   2.29183e-07   0.000851537   0.00429205   -7.64598e-05   0.000292169   0.000782951   0.0222271   -0.00395763   -0.0278657   -1.34916e-07   0.0264628   -0.000191308   -0.00191427   -0.00348122   -0.00136003   -0.00440549   0.00613755   1   -0.00749658   -1.89979e-07   -0.00261393   -0.00216252   -0.000835362   -0.00163506   0.00181468   -0.00636348   -0.00170765   -0.000655803   -0.00186314   -0.000221146   -0.000499101   0.00169282   -0.000403215   -0.000241003   -0.000281612   -0.00022117   -0.000304122   0.00126036   0.000278469   -0.000242649   0.00117784   0.000550375   0.000443474   -0.000968375   0.0009966   0.0415826   -0.00124005   0.00248261   -6.79227e-05   -0.00282811   -1.52834e-05   -0.00030519   -0.000461636   0.0039655   0.000693609   
-0.0377779   -0.0170375   -0.0182275   -0.0111397   -0.0284339   -0.0354535   -0.0237195   -0.0136444   -0.00554148   -0.00640865   -0.0535414   -0.0785199   -0.258833   -0.0392995   -0.00842263   -0.0250187   -0.000423585   -0.0118457   -0.00507491   -0.0160404   -0.0518733   -0.0209394   -3.40698e-07   -0.0187243   0.0159853   -0.000127949   0.00829155   0.0134095   0.0148989   1   0.00613755   -0.123321   1.46323e-06   -0.00730642   0.0087699   0.00930696   0.0091241   -0.000628521   -0.00909324   0.00755737   0.000708064   0.0161351   0.00218814   -0.00140844   -0.00363602   -0.0013662   0.00207836   0.00225212   0.00218833   0.0021255   -0.00315714   -0.0118095   0.00206957   -0.00735919   0.00129693   0.00133762   -0.00316574   -0.00107549   -0.104435   -0.0398175   0.00850263   -0.00359678   0.0262343   -8.45883e-05   0.000909167   0.00126089   -0.0195067   -0.00465743   
-0.00330575   -0.0119894   -0.0229816   -0.0169266   0.0189177   0.00948478   0.023193   0.0219933   0.0109679   0.0037486   0.00490966   -0.0351438   0.0422171   0.00771653   0.000402098   0.00386551   0.000148834   0.00108654   0.000816063   0.008279   0.010255   0.0199787   9.07322e-07   0.00180911   -0.00232783   -0.00846035   -0.00229797   -0.00206977   1   0.0148989   -0.00440549   -0.00345226   -3.15313e-07   0.0112093   0.00569545   0.0021287   0.00635331   -0.00184865   0.00120224   -0.00042728   -0.000313201   0.00153656   -0.00010426   -0.000239638   0.000756021   -0.000245809   -6.58859e-05   -0.000133129   -0.000104224   -8.80804e-05   0.000545224   0.00968634   -6.25575e-05   0.00107225   0.00031644   0.000261097   0.00659184   0.000476375   0.0220549   0.00944175   0.00271698   0.00075219   -0.00495441   2.97926e-05   0.000296467   0.000461849   0.00127449   0.00103777   
0.0218944   0.00689491   0.00375151   -0.000734194   0.0048893   -0.010725   -0.00142206   0.0132592   0.00145753   -0.000736984   0.00992245   0.00548832   0.0252501   0.00371735   0.00115006   0.00226413   3.68523e-05   0.00219573   0.000586403   0.00252764   0.00604384   0.00234623   1.03953e-06   -0.00414612   -0.00221564   -0.00340381   -0.000783868   1   -0.00206977   0.0134095   -0.00136003   0.0151652   2.97368e-07   0.0011464   -0.0012469   -0.000646507   -0.000573621   8.8846e-06   0.0020453   -0.000450044   -9.24331e-05   -0.00361445   -0.000298575   0.000196829   0.000493872   0.000196517   -0.000289172   -0.000307051   -0.000298656   -0.000295883   0.000431471   0.00188375   -0.00028827   0.000682445   -0.000173079   -0.00019206   0.000954294   0.000140992   0.00269828   0.00620758   -0.00214328   0.000362588   -0.00253081   7.4128e-06   -1.0045e-05   -8.17692e-06   0.00146529   -0.000212381   
0.00189852   -0.00203452   -0.00400112   0.00367232   0.00547461   0.00564121   8.31081e-05   0.00211929   -0.000768646   -0.000949055   0.0036367   0.00442082   0.023654   0.00371178   0.000580322   0.0017774   3.26956e-05   0.000804772   -0.00111166   0.004145   0.00394492   0.00749846   4.42535e-07   -0.000811989   -0.0013045   0.000667633   1   -0.000783868   -0.00229797   0.00829155   -0.00348122   0.0151138   2.20268e-09   0.00111518   0.00107163   -0.000408652   0.00121111   -8.5317e-05   7.04918e-05   0.000702094   -9.82556e-05   -0.000490411   -0.000150648   4.26787e-05   0.000359663   4.44469e-05   -0.000142286   -0.000159685   -0.000150482   -0.000149697   0.000293679   0.00133544   -0.000141522   -0.000566457   -2.63439e-05   -3.91894e-05   0.00061257   0.000149718   0.00686241   0.00211367   0.000932713   0.000222278   -0.00191414   6.58146e-06   -4.14228e-05   -5.50464e-05   0.00134321   0.000563057   
0.00652374   0.00472149   0.0153976   -0.0610035   0.0153511   0.0197246   0.0186418   0.00289223   -0.003304   0.000762458   0.00250733   -0.0284219   -5.00324e-05   0.000821974   0.000677567   -0.00316582   0.000101265   0.00055491   -0.000377929   0.00244294   0.00179163   -0.0421819   4.01909e-07   0.00797807   -0.00053467   1   0.000667633   -0.00340381   -0.00846035   -0.000127949   -0.00191427   -0.0280053   3.70957e-08   0.00622809   0.00579336   0.00341088   0.00583078   -0.00168116   0.00143803   0.00214122   3.04543e-05   0.00155645   -0.00017587   0.000209299   8.08558e-05   0.000177131   -0.000149784   -0.000173052   -0.000175897   -0.000142612   9.86366e-05   0.00400142   -0.000147596   -0.000392313   -0.000185719   -0.000181094   0.00396085   -4.59505e-05   0.00986379   0.00178025   0.000167372   2.83303e-05   0.00160891   2.02638e-05   0.000702105   0.00104921   -0.00480985   1.55936e-06   
0.00498863   0.00255823   0.00226635   0.00109302   0.00534469   0.00419465   0.00445575   0.00186947   0.00225504   0.00116254   0.00788107   0.0126687   0.0388658   0.00588441   0.00116697   0.00395908   7.01839e-05   0.00174352   0.000838351   0.00168482   0.00906923   0.00716128   -1.27747e-08   0.00296231   1   -0.00053467   -0.0013045   -0.00221564   -0.00232783   0.0159853   -0.000191308   0.0173853   -5.55141e-09   0.00128477   -0.00135531   -0.00115107   -0.00137786   -0.000184538   0.00211184   -0.00113003   -0.000104702   -0.00223844   -0.000302966   0.000187834   0.000515705   0.00017965   -0.000285008   -0.000312651   -0.000303013   -0.000291462   0.000444722   0.00204842   -0.000283454   0.00113665   -0.00016798   -0.000175265   0.000409038   0.000159429   0.0155019   0.00603304   -0.00152657   0.000613141   -0.0042862   1.39837e-05   -0.000104617   -0.000141079   0.00291969   0.000663111   
-0.000500785   0.00313783   0.0020143   0.025267   0.00230594   -0.104219   0.0682101   -0.0813779   0.0109799   0.00874568   -0.00470235   0.0033722   -0.0662775   -0.0108833   -0.00308264   -0.00245263   0.00017981   -0.00104059   -0.00104392   -0.0218208   -0.00460694   -0.0385792   -1.84112e-06   1   0.00296231   0.00797807   -0.000811989   -0.00414612   0.00180911   -0.0187243   0.0264628   0.152874   6.58384e-07   -0.00377751   -0.00244637   0.00541075   0.000768434   -0.00160294   0.00129829   0.00172866   -0.000405795   0.00195989   0.000800942   -0.00124568   4.57362e-05   -0.00124825   0.000847347   0.000763107   0.000801013   0.000817942   -0.00022643   0.000191494   0.000851408   -0.00156914   0.00133084   0.00127015   -0.00212063   0.000617023   -0.205591   -0.00834676   0.00105069   -0.000547928   0.00250043   3.58795e-05   0.000404526   0.00062589   -0.00292035   -0.00116543   
-1.44728e-06   3.45062e-07   -9.17456e-07   1.52927e-06   -7.1397e-06   2.8814e-06   4.09718e-06   -2.74917e-06   3.92538e-07   -3.69991e-07   -3.10285e-07   -1.58126e-06   2.2113e-06   3.78248e-07   2.3253e-08   -3.9923e-07   2.34587e-08   -7.23062e-08   9.06894e-08   -1.54082e-06   4.90973e-07   6.00574e-06   1   -1.84112e-06   -1.27747e-08   4.01909e-07   4.42535e-07   1.03953e-06   9.07322e-07   -3.40698e-07   -1.34916e-07   5.72536e-07   2.46441e-08   4.69231e-07   3.72071e-07   -4.03554e-07   -1.08007e-07   -2.24801e-08   5.80416e-07   -1.59184e-07   1.70258e-07   2.09564e-07   2.61612e-08   1.57117e-07   -2.75767e-07   1.41972e-07   -5.84395e-09   1.27181e-08   1.66905e-08   6.2157e-08   -1.95617e-07   -3.2439e-07   1.50008e-08   1.23384e-07   -1.53624e-07   -1.19201e-07   1.31818e-07   -1.9382e-07   -2.6456e-06   5.58539e-07   -5.58149e-07   3.26798e-08   3.23797e-07   1.15067e-08   -3.60801e-08   -9.96297e-09   -1.98857e-07   -9.62335e-08   
-0.0306321   0.0333667   0.0491364   -0.117726   0.16572   0.0689333   -0.113144   -0.130358   0.0874463   0.0267519   -0.0139729   0.0195774   -0.155199   -0.0245139   0.00936493   0.00104091   -0.000230901   -0.00309196   -0.00313614   0.014987   0.0258717   1   6.00574e-06   -0.0385792   0.00716128   -0.0421819   0.00749846   0.00234623   0.0199787   -0.0209394   -0.0278657   0.127614   -6.72688e-07   -0.0144009   -0.00395274   -0.00701728   -0.0102827   0.000561249   0.00688135   0.00482731   0.000875786   -0.0012733   -0.00243286   0.00339197   0.000564127   0.00335239   -0.00249266   -0.00235098   -0.00243324   -0.00242221   0.00114745   -0.0140256   -0.002498   -0.00130793   -0.00361799   -0.00340348   -0.0115939   -0.00133028   -0.11706   -0.023548   -0.00476733   0.00136253   -0.00421155   -4.60768e-05   0.000293154   0.000390011   -0.000891738   0.00271788   
-0.0234872   -0.0107343   -0.0197632   -0.00253023   -0.000853466   0.00319854   -0.0260211   -0.0152245   -0.00953141   7.48125e-05   -0.0288129   -0.0208565   -0.151833   -0.0233606   -0.00338985   -0.00741367   -0.000227933   -0.00637586   -0.00284818   -0.000326007   1   0.0258717   4.90973e-07   -0.00460694   0.00906923   0.00179163   0.00394492   0.00604384   0.010255   -0.0518733   -0.00395763   -0.0489905   5.7613e-07   -0.00659023   0.00204633   0.00366893   0.00125806   -0.00133655   -0.000212481   0.00365597   0.000273371   0.00769526   0.000880713   -0.000579707   -0.00142123   -0.000545232   0.000821807   0.000905367   0.000880808   0.000837316   -0.00123499   -0.00675151   0.000816977   -0.00355359   0.000522907   0.000535887   -0.00534457   -0.000414885   -0.0543525   -0.0233664   0.00231726   -0.000930687   0.00734332   -4.53046e-05   0.00035004   0.000474179   -0.00619006   -0.00137095   
-0.00379279   0.00544417   0.0127154   0.00216861   -0.00327896   -0.0691761   0.0235462   0.0047841   0.0070307   0.000716902   -0.00535771   -0.00797831   -0.0258074   -0.00433502   -0.00161563   -0.00664058   4.18964e-05   -0.00118554   -0.000850584   1   -0.000326007   0.014987   -1.54082e-06   -0.0218208   0.00168482   0.00244294   0.004145   0.00252764   0.008279   -0.0160404   0.0222271   -0.016399   5.70913e-07   0.000701493   0.00138505   0.00114174   0.000790881   -0.00170754   0.00622357   0.00184665   0.000800788   0.00246748   0.00041977   0.000459932   -0.00220201   0.000357735   0.000430486   0.00049318   0.000419774   0.000505831   -0.00167277   -0.00237752   0.000431607   -0.00146412   -0.000535885   -0.00040509   -0.000103586   -0.00121648   -0.0442782   -0.00206509   -0.00297772   -0.00024886   0.00534849   8.36356e-06   0.000323932   0.000483335   -0.00554309   -0.00147477   
-0.00248648   0.000256028   -0.000279494   -0.00210145   0.00034863   -0.00279141   -0.00110815   0.000413337   -0.00112232   0.000637423   -0.00264898   -0.00287913   -0.0140758   -0.00216862   -0.000380245   -0.000894257   -1.37448e-05   -0.000586153   1   -0.000850584   -0.00284818   -0.00313614   9.06894e-08   -0.00104392   0.000838351   -0.000377929   -0.00111166   0.000586403   0.000816063   -0.00507491   0.000782951   -0.00591567   1.99196e-07   -0.000506487   -0.00119262   0.000459338   -0.00135558   1.44929e-05   8.53524e-06   -0.0011846   3.31774e-05   0.000525902   9.8868e-05   -6.23393e-05   -0.000167933   -6.19565e-05   9.53286e-05   0.000101758   9.89451e-05   9.77967e-05   -0.000145663   -0.000573715   9.506e-05   0.00107214   5.82384e-05   6.07144e-05   -0.000331768   -5.00612e-05   -0.00616675   -0.000999787   -0.000956448   -9.93538e-05   0.000979288   -2.76434e-06   4.81809e-05   6.84421e-05   -0.000817397   -0.000200395   
-0.00962849   -0.00421182   -0.00312031   -0.000451701   -0.00368543   -0.00232137   -0.000797879   0.000406138   9.55565e-05   -4.4039e-05   -0.00684037   -0.00799054   -0.0239866   -0.0035963   -0.00101705   -0.00285017   -4.24103e-05   1   -0.000586153   -0.00118554   -0.00637586   -0.00309196   -7.23062e-08   -0.00104059   0.00174352   0.00055491   0.000804772   0.00219573   0.00108654   -0.0118457   0.000292169   -0.0143506   2.23775e-07   -0.000558282   0.00124503   0.00125884   0.00130383   -0.000124583   -0.0017771   0.000850317   5.76058e-05   0.00244505   0.000264233   -0.000200718   -0.000379816   -0.000194812   0.000253181   0.000269315   0.000264247   0.000256763   -0.000340521   -0.00109071   0.000252349   -0.000806863   0.000191967   0.000192892   -0.000194295   -8.72964e-05   -0.00873293   -0.00468481   0.00211368   -0.000416148   0.00298409   -8.48766e-06   0.000121986   0.000171872   -0.00229206   -0.000379892   
0.000112606   -9.76623e-05   0.000171924   0.000220155   -0.000942759   0.000195306   -0.000373285   -2.28522e-05   0.000195446   9.36939e-05   -0.000191887   -0.000174245   -0.00126458   -0.000201106   -2.60873e-05   -8.38164e-05   1   -4.24103e-05   -1.37448e-05   4.18964e-05   -0.000227933   -0.000230901   2.34587e-08   0.00017981   7.01839e-05   0.000101265   3.26956e-05   3.68523e-05   0.000148834   -0.000423585   -7.64598e-05   -0.00131427   1.91193e-07   -9.2661e-05   -2.56874e-05   -2.44987e-06   -2.18444e-05   2.21482e-05   -5.3601e-05   1.62634e-05   3.58665e-06   4.36471e-06   6.96198e-06   -2.9258e-06   -1.51503e-05   -4.1697e-06   7.72308e-06   7.19315e-06   7.00008e-06   8.42678e-06   -1.28716e-05   -9.21441e-05   7.90433e-06   -2.68395e-05   3.90471e-06   4.28982e-06   -4.22943e-05   -5.01859e-06   -6.11686e-05   -0.000156604   9.96893e-06   -1.61473e-05   0.000100089   8.79905e-07   -2.5059e-06   -2.94347e-06   -3.72612e-05   -3.97649e-05   
-0.0102625   -0.00354189   -0.00237053   -0.00593063   -0.00306518   -0.0113504   -0.00344715   -0.00507349   0.000726258   -3.64877e-05   -0.0128801   -0.0139726   -0.0649858   -0.00998881   -0.00182948   1   -8.38164e-05   -0.00285017   -0.000894257   -0.00664058   -0.00741367   0.00104091   -3.9923e-07   -0.00245263   0.00395908   -0.00316582   0.0017774   0.00226413   0.00386551   -0.0250187   0.00429205   -0.0334638   3.67219e-07   -0.00182078   0.00141624   0.00268599   0.00145782   -0.000895756   0.000259887   0.00179062   0.000181994   0.00398188   0.000475261   -0.000274912   -0.000854423   -0.000271207   0.000453552   0.000491725   0.00047539   0.000466852   -0.000731767   -0.00242439   0.00045183   -0.00147501   0.000246966   0.000263284   -0.00134947   -0.000276367   -0.0242414   -0.00967803   0.000920133   -0.000580034   0.00494158   -1.67025e-05   0.000327047   0.000465921   -0.00464069   -0.000977123   
-0.00475193   -0.00173262   -0.00532483   -0.000217992   -0.000491998   -0.00501065   -7.24575e-05   -8.85658e-05   0.0034406   -0.00111854   -0.00459596   -0.0068841   -0.0160965   -0.00239216   1   -0.00182948   -2.60873e-05   -0.00101705   -0.000380245   -0.00161563   -0.00338985   0.00936493   2.3253e-08   -0.00308264   0.00116697   0.000677567   0.000580322   0.00115006   0.000402098   -0.00842263   0.000851537   -0.00908639   1.45054e-07   0.000351065   0.00120016   0.00131647   0.00137095   -0.000523924   7.75461e-05   0.000616898   4.76443e-05   0.00189648   0.000321633   -0.000268954   -0.00041946   -0.000266465   0.00031477   0.000325663   0.000321588   0.000318209   -0.000387291   -9.43146e-05   0.000314273   -0.000692302   0.000263029   0.00026498   7.90002e-05   -7.21051e-05   -0.00978787   -0.00260294   0.000686564   -0.000236489   0.00182606   -5.15806e-06   9.97027e-05   0.000142056   -0.00156296   -0.000262225   
0.00624793   0.000939943   -0.0010725   -0.00380327   -0.0139953   -0.0127711   -0.0187719   -0.0101926   -0.0110586   -0.00540984   -0.0162517   -0.035521   -0.110632   1   -0.00239216   -0.00998881   -0.000201106   -0.0035963   -0.00216862   -0.00433502   -0.0233606   -0.0245139   3.78248e-07   -0.0108833   0.00588441   0.000821974   0.00371178   0.00371735   0.00771653   -0.0392995   2.29183e-07   -0.0381723   7.13777e-07   -0.00438749   0.00257884   0.00156255   0.00250217   0.00127003   -0.00452729   0.00273622   0.000320383   0.00304732   0.000621479   -0.000269109   -0.00127371   -0.000248052   0.000569372   0.000650532   0.000621557   0.000590295   -0.00105696   -0.0063682   0.000565237   -0.00290283   0.000202213   0.000234579   -0.00134575   -0.000486759   -0.0467147   -0.0141638   0.000686389   -0.00162611   0.0111328   -4.00452e-05   0.000117329   0.000137071   -0.00677359   -0.00197653   
0.0379596   -0.00225675   -0.0268566   -0.0419926   -0.0870087   -0.0685655   -0.105917   -0.0648958   -0.0677175   -0.0335488   -0.108396   -0.267641   1   -0.110632   -0.0160965   -0.0649858   -0.00126458   -0.0239866   -0.0140758   -0.0258074   -0.151833   -0.155199   2.2113e-06   -0.0662775   0.0388658   -5.00324e-05   0.023654   0.0252501   0.0422171   -0.258833   -0.00113229   -0.269549   3.68409e-06   -0.0226112   0.0215454   0.0115145   0.020797   0.00755411   -0.0306616   0.0179202   0.00200688   0.0219785   0.00418175   -0.00197361   -0.0082678   -0.00184002   0.00385461   0.00436428   0.00418226   0.00398464   -0.0069098   -0.0374602   0.00382763   -0.0188693   0.0015693   0.00175609   -0.00521862   -0.00304957   -0.296924   -0.0908842   0.00653747   -0.0105275   0.0721624   -0.000252221   0.000904126   0.00110572   -0.0446124   -0.0125045   
0.00348424   -0.0249653   -0.074905   -0.105452   -0.0442208   0.00414566   0.0732659   0.0303231   0.0436739   0.0173551   -0.0361089   1   -0.267641   -0.035521   -0.0068841   -0.0139726   -0.000174245   -0.00799054   -0.00287913   -0.00797831   -0.0208565   0.0195774   -1.58126e-06   0.0033722   0.0126687   -0.0284219   0.00442082   0.00548832   -0.0351438   -0.0785199   0.00607684   -0.235182   8.10839e-07   0.03309   0.0305586   0.00969501   0.0316158   -0.0034696   -0.00685697   0.00549573   0.000290285   0.0121535   0.00178835   -0.00146781   -0.00238298   -0.00144872   0.00174315   0.00181396   0.00178852   0.00176271   -0.00218611   0.0184735   0.00173982   -0.00493523   0.00147457   0.00143855   0.0225125   -0.000441071   -0.0389115   -0.00488383   0.0106583   -0.00167081   0.0133819   -3.47928e-05   0.000990541   0.00142451   -0.0128558   -0.00383115   
-0.0435133   -0.0190346   -0.0141029   -0.00204389   -0.0166583   -0.0104928   -0.00360742   0.0018347   0.000431465   -0.000199189   1   -0.0361089   -0.108396   -0.0162517   -0.00459596   -0.0128801   -0.000191887   -0.00684037   -0.00264898   -0.00535771   -0.0288129   -0.0139729   -3.10285e-07   -0.00470235   0.00788107   0.00250733   0.0036367   0.00992245   0.00490966   -0.0535414   0.00132049   -0.0648496   7.48829e-07   -0.00252309   0.0056259   0.00568841   0.00589159   -0.000562765   -0.0080309   0.0038428   0.000260366   0.0110492   0.0011942   -0.000907008   -0.00171609   -0.000880413   0.00114447   0.00121735   0.0011944   0.00116021   -0.0015391   -0.00492876   0.00114055   -0.0036462   0.000867643   0.000871746   -0.000878198   -0.000395125   -0.039464   -0.0211732   0.00955213   -0.00188012   0.013485   -3.8218e-05   0.000551952   0.000776961   -0.0103575   -0.00171659   
-0.000599469   0.00158329   0.00278776   0.000410873   0.00892546   0.0104977   0.00478855   0.0059878   0.0058536   1   -0.000199189   0.0173551   -0.0335488   -0.00540984   -0.00111854   -3.64877e-05   9.36939e-05   -4.4039e-05   0.000637423   0.000716902   7.48125e-05   0.0267519   -3.69991e-07   0.00874568   0.00116254   0.000762458   -0.000949055   -0.000736984   0.0037486   -0.00640865   -0.00164784   0.0175551   -3.11304e-07   -0.00363277   -0.00197754   0.00204337   -0.00256495   -0.00133155   0.0035985   -0.000362216   -3.2547e-05   0.00149362   0.000290576   -0.000326062   -0.000245051   -0.000348059   0.000314815   0.000287415   0.000290589   0.000315844   -0.000268513   -0.00224188   0.00031689   0.000411892   0.000381696   0.000348471   -0.00392326   4.95038e-05   -0.00363839   -0.00553191   -0.00379914   0.000154005   -0.000496092   1.86949e-05   0.000206556   0.000319872   -0.000833575   0.0010126   
-0.00170822   0.00417148   0.00736158   -0.00364116   0.0252572   0.0204288   0.0077489   0.00349437   1   0.0058536   0.000431465   0.0436739   -0.0677175   -0.0110586   0.0034406   0.000726258   0.000195446   9.55565e-05   -0.00112232   0.0070307   -0.00953141   0.0874463   3.92538e-07   0.0109799   0.00225504   -0.003304   -0.000768646   0.00145753   0.0109679   -0.00554148   -0.00360703   0.0193655   -2.92423e-07   -0.0151906   -0.00647823   -0.00290275   -0.00881376   0.0031435   -0.00669952   -7.02059e-05   -0.000272224   -0.00167075   -0.000893853   0.000593976   0.00144162   0.000568533   -0.00084325   -0.000918399   -0.000893942   -0.000859904   0.00125675   -0.0111589   -0.000839126   0.000542515   -0.000512308   -0.000558273   -0.00948116   0.000413626   -0.00805484   -0.0159557   -0.000484593   -0.0003206   0.000178047   3.89619e-05   -0.000204974   -0.00026672   0.00157869   0.00104415   
-0.000244577   -0.00429664   -0.0123575   0.0220355   -0.0277592   0.0903217   0.0195586   1   0.00349437   0.0059878   0.0018347   0.0303231   -0.0648958   -0.0101926   -8.85658e-05   -0.00507349   -2.28522e-05   0.000406138   0.000413337   0.0047841   -0.0152245   -0.130358   -2.74917e-06   -0.0813779   0.00186947   0.00289223   0.00211929   0.0132592   0.0219933   -0.0136444   -0.0158019   0.157742   -2.98073e-07   -0.0131449   -0.00388308   -0.00563648   -0.0107227   0.00293572   -0.00360253   -0.00282041   0.000909988   0.00176206   2.29298e-05   0.000976254   -0.00202842   0.000878809   1.7098e-05   0.000106818   2.29302e-05   9.94704e-05   -0.0014257   -0.016129   1.65569e-05   0.00128817   -0.00109601   -0.000932286   -0.00989668   -0.00138272   -0.14274   -0.0131199   -0.00653879   -0.000702449   0.00633153   -4.57921e-06   -0.000646406   -0.000953578   -0.000637148   0.000782105   
0.0121445   0.00562369   0.0192907   0.049114   0.0373194   0.0197664   1   0.0195586   0.0077489   0.00478855   -0.00360742   0.0732659   -0.105917   -0.0187719   -7.24575e-05   -0.00344715   -0.000373285   -0.000797879   -0.00110815   0.0235462   -0.0260211   -0.113144   4.09718e-06   0.0682101   0.00445575   0.0186418   8.31081e-05   -0.00142206   0.023193   -0.0237195   -0.0191079   -0.0685607   3.94078e-07   -0.0247254   -0.0139435   -0.00136415   -0.0120002   0.00432881   -0.00770502   0.000876463   -0.000479967   -0.00246556   1.8716e-05   -0.000545779   0.00114657   -0.000386233   -7.7797e-05   -2.54068e-05   1.87808e-05   -0.000137689   0.00083716   -0.0160675   -8.58449e-05   -0.00163995   0.000485818   0.000422748   -0.0134668   0.000729178   0.0550628   -0.0233595   0.000672422   -0.00160587   0.00660253   -7.44462e-05   -0.000430582   -0.00069818   -0.000443931   -0.000479813   
0.00633996   0.0151923   0.0312539   0.0392524   0.0684573   1   0.0197664   0.0903217   0.0204288   0.0104977   -0.0104928   0.00414566   -0.0685655   -0.0127711   -0.00501065   -0.0113504   0.000195306   -0.00232137   -0.00279141   -0.0691761   0.00319854   0.0689333   2.8814e-06   -0.104219   0.00419465   0.0197246   0.00564121   -0.010725   0.00948478   -0.0354535   0.0597216   0.0121431   1.23508e-06   -0.000210856   -0.00229435   0.0105192   0.00499072   -0.00604719   0.0168049   0.00728515   0.000434103   0.00385204   0.0013016   -0.000823716   -0.00231707   -0.000925564   0.0013521   0.00134083   0.00130173   0.00140033   -0.00203337   0.00262821   0.00135652   -0.00513926   0.000820987   0.000897913   0.000484137   -0.000659574   -0.166842   -0.00644005   -0.00173908   -0.000595797   0.00833188   3.89128e-05   0.00141497   0.00211288   -0.0127171   -0.0033298   
0.0099363   0.0245946   0.0589907   0.0493243   1   0.0684573   0.0373194   -0.0277592   0.0252572   0.00892546   -0.0166583   -0.0442208   -0.0870087   -0.0139953   -0.000491998   -0.00306518   -0.000942759   -0.00368543   0.00034863   -0.00327896   -0.000853466   0.16572   -7.1397e-06   0.00230594   0.00534469   0.0153511   0.00547461   0.0048893   0.0189177   -0.0284339   -0.00847181   -0.117992   2.47505e-06   -0.00225729   -0.00405636   -0.0092965   -0.00583134   0.00312675   0.000669515   -0.00237072   0.00128578   -0.00906523   0.000127864   0.0012842   -0.00270613   0.00140235   -0.000116012   0.000246149   0.00012781   -3.83339e-05   -0.00183443   -0.00682967   -0.000136386   -0.000274237   -0.00163461   -0.00145758   -0.000105714   -0.00195347   -0.00964868   0.00439747   -0.00609057   -0.000384205   0.00495423   -0.000187962   -0.00115564   -0.00186342   0.00185251   -0.0080554   
0.0132885   0.0126157   0.0373614   1   0.0493243   0.0392524   0.049114   0.0220355   -0.00364116   0.000410873   -0.00204389   -0.105452   -0.0419926   -0.00380327   -0.000217992   -0.00593063   0.000220155   -0.000451701   -0.00210145   0.00216861   -0.00253023   -0.117726   1.52927e-06   0.025267   0.00109302   -0.0610035   0.00367232   -0.000734194   -0.0169266   -0.0111397   -0.00270878   -0.0482452   -1.91378e-07   0.0148417   0.0163291   0.00272697   0.0149448   -0.000999572   -0.00478542   0.0041962   0.000223141   0.00175949   5.66074e-05   0.000188501   -0.000611799   0.000101334   0.00011359   7.71697e-05   5.66753e-05   0.000143433   -0.000468867   0.00703147   0.00011839   -0.00284164   -0.000139246   -0.000119276   0.00994529   -0.000339105   0.0183058   0.00320447   0.00385881   -0.00050271   0.00483758   4.3939e-05   0.000540102   0.00083206   -0.00565493   -0.000355586   
0.00861557   0.0150597   1   0.0373614   0.0589907   0.0312539   0.0192907   -0.0123575   0.00736158   0.00278776   -0.0141029   -0.074905   -0.0268566   -0.0010725   -0.00532483   -0.00237053   0.000171924   -0.00312031   -0.000279494   0.0127154   -0.0197632   0.0491364   -9.17456e-07   0.0020143   0.00226635   0.0153976   -0.00400112   0.00375151   -0.0229816   -0.0182275   -0.00474282   -0.0387075   -1.15551e-06   0.0119913   0.0144358   0.00779841   0.0135062   -0.00176577   -0.00867955   -0.000254066   -0.000734557   0.0106489   0.00138325   -0.0021885   0.000191291   -0.00215025   0.00142771   0.00131481   0.00138342   0.00136776   -0.000297916   0.00800094   0.00143162   -0.000417569   0.00238525   0.00219255   0.0062645   0.00111604   0.0134358   -0.00594533   0.00721466   -0.000848634   0.00321866   3.42811e-05   0.000415695   0.000640873   -0.00291709   0.00337196   
0.00471439   1   0.0150597   0.0126157   0.0245946   0.0151923   0.00562369   -0.00429664   0.00417148   0.00158329   -0.0190346   -0.0249653   -0.00225675   0.000939943   -0.00173262   -0.00354189   -9.76623e-05   -0.00421182   0.000256028   0.00544417   -0.0107343   0.0333667   3.45062e-07   0.00313783   0.00255823   0.00472149   -0.00203452   0.00689491   -0.0119894   -0.0170375   -0.00247803   -0.00848024   -5.48303e-07   0.00584173   0.00685556   0.00619196   0.00674762   -0.00210207   -0.00311535   0.000720292   -0.00030538   0.0119701   0.000450105   -0.000784974   0.000251996   -0.000721854   0.000424816   0.000421725   0.000450127   0.000392684   5.22683e-05   0.00433429   0.000422765   0.000387714   0.000815607   0.00074288   0.00307832   0.000464001   -0.00341592   -0.00871656   0.00739585   -0.000325064   0.00280517   -1.94816e-05   0.00076816   0.00111118   -0.00548205   0.0016958   
1   0.00471439   0.00861557   0.0132885   0.0099363   0.00633996   0.0121445   -0.000244577   -0.00170822   -0.000599469   -0.0435133   0.00348424   0.0379596   0.00624793   -0.00475193   -0.0102625   0.000112606   -0.00962849   -0.00248648   -0.00379279   -0.0234872   -0.0306321   -1.44728e-06   -0.000500785   0.00498863   0.00652374   0.00189852   0.0218944   -0.00330575   -0.0377779   0.000714637   -0.0290541   -3.53153e-07   0.0033591   0.00765699   0.00778296   0.00852363   -0.00244267   -0.00640098   0.00346179   8.55298e-05   0.0217907   0.00123443   -0.00113929   -0.00145623   -0.00117834   0.00126354   0.0012416   0.00123456   0.00127626   -0.00140147   0.000898643   0.00126614   -0.00279173   0.0011806   0.00117299   0.00212033   -0.000130062   0.0115686   -0.0175436   0.0158385   -0.00126733   0.009751   2.24325e-05   0.000821229   0.00122617   -0.00961117   0.000935765   


NLL
78.2041

