ttXsec   -0.154616 +0.987828 -0.987828  -0.000667886   0.00281461  -0.000665179   0.00285438 
ttgamXsec   0.00050051 +0.987588 -0.987588  -0.000305955   0.000196125  -0.000142259   0.000193322 
VjetXsec   0.392076 +0.984911 -0.984911  -0.000200762   -6.63747e-05  -6.48916e-05   -6.72996e-05 
VVXsec   0.00950452 +0.993041 -0.993041  0.000167842   9.95492e-06  0.000169559   1.00538e-05 
Lumi   0.224215 +0.971528 -0.971528  -0.000692522   0.0035689  -0.000677842   0.00240196 
stXsec   -0.0489254 +0.993349 -0.993349  -0.000468304   0.000612095  -0.000449204   0.000845388 
LepSF_EL_Trigger   0 +1 -1  -1.98253e-10   -1.98253e-10  -1.98253e-10   -1.98253e-10 
LepSF_EL_Reco   0 +1 -1  -1.98253e-10   -1.98253e-10  -1.98253e-10   -1.98253e-10 
LepSF_EL_ID   0.0400067 +0.992922 -0.992922  0.000231162   -0.000572303  0.000233558   -0.000581637 
LepSF_EL_Isol   0 +1 -1  -1.98253e-10   -1.98253e-10  -1.98253e-10   -1.98253e-10 
LepSF_MU_ID_STAT   0 +1 -1  -1.98253e-10   -1.98253e-10  -1.98253e-10   -1.98253e-10 
LepSF_MU_ID_STAT_LOWPT   0 +1 -1  -1.98253e-10   -1.98253e-10  -1.98253e-10   -1.98253e-10 
LepSF_MU_ID_SYST   0 +1 -1  -1.98253e-10   -1.98253e-10  -1.98253e-10   -1.98253e-10 
LepSF_MU_ID_SYST_LOWPT   0 +1 -1  -1.98253e-10   -1.98253e-10  -1.98253e-10   -1.98253e-10 
LepSF_MU_Isol_STAT   0 +1 -1  -1.98253e-10   -1.98253e-10  -1.98253e-10   -1.98253e-10 
LepSF_MU_Isol_SYST   0 +1 -1  -1.98253e-10   -1.98253e-10  -1.98253e-10   -1.98253e-10 
LepSF_Mu_TTVA_STAT   0 +1 -1  -1.98253e-10   -1.98253e-10  -1.98253e-10   -1.98253e-10 
LepSF_Mu_TTVA_SYST   0 +1 -1  -1.98253e-10   -1.98253e-10  -1.98253e-10   -1.98253e-10 
LepSF_Mu_Trigger_STAT   0 +1 -1  -1.98253e-10   -1.98253e-10  -1.98253e-10   -1.98253e-10 
LepSF_Mu_Trigger_SYST   0 +1 -1  -1.98253e-10   -1.98253e-10  -1.98253e-10   -1.98253e-10 
PhotonSF_ID   -0.0827301 +0.824101 -0.824101  -0.000684771   -0.000163889  -0.000657602   -0.0001881 
PhotonSF_effIso   1.3325e-07 +0.991022 -0.991022  -1.7447e-05   -1.74826e-05  -7.51138e-06   -7.61248e-06 
Pileup   0.901613 +0.574589 -0.574589  -0.000649759   0.00432467  -0.000682186   0.00142134 
JVT   0.114267 +1.16165 -1.16165  -0.000680468   -0.000692546  -0.000688974   -0.000683637 
EGamFake   0.538788 +0.703202 -0.703202  -0.000689167   0.00476305  -0.00069256   0.00645331 
JGamFake   -0.758436 +0.394533 -0.394533  -0.000691859   0.0028799  -0.000692574   0.00522091 
Scalemurmufttbar   0 +1 -1  -1.98253e-10   -1.98253e-10  -1.98253e-10   -1.98253e-10 
Scalemurmufttgam   0.00181378 +0.932855 -0.932855  -0.000692322   -0.000152186  -0.000643548   0.000224667 
ScalemurmufWgam   -0.736837 +0.911036 -0.911036  0.000964227   -0.000692573  0.0012873   -0.000692014 
ScalemurmufZgam   0.0372715 +1.02164 -1.02164  0.000865938   -3.33478e-05  0.000788881   -8.3487e-05 
ScalemurmufZJets   0.200592 +0.867661 -0.867661  6.71037e-05   -0.0005908  0.000481791   -0.000591572 
ScalemurmufVV   0 +1 -1  -1.98253e-10   -1.98253e-10  -1.98253e-10   -1.98253e-10 
Scalemurmuft   0 +1 -1  -1.98253e-10   -1.98253e-10  -1.98253e-10   -1.98253e-10 
PDF1   0 +1 -1  -1.98253e-10   -1.98253e-10  -1.98253e-10   -1.98253e-10 
PDF2   0 +1 -1  -1.98253e-10   -1.98253e-10  -1.98253e-10   -1.98253e-10 
PDF3   0 +1 -1  -1.98253e-10   -1.98253e-10  -1.98253e-10   -1.98253e-10 
PDF4   0.031729 +0.993033 -0.993033  -0.000635153   -0.000651565  -0.00063126   -0.000691956 
PDF5   0 +1 -1  -1.98253e-10   -1.98253e-10  -1.98253e-10   -1.98253e-10 
PDF6   0 +1 -1  -1.98253e-10   -1.98253e-10  -1.98253e-10   -1.98253e-10 
PDF7   0 +1 -1  -1.98253e-10   -1.98253e-10  -1.98253e-10   -1.98253e-10 
PDF8   0 +1 -1  -1.98253e-10   -1.98253e-10  -1.98253e-10   -1.98253e-10 
PDF9   0 +1 -1  -1.98253e-10   -1.98253e-10  -1.98253e-10   -1.98253e-10 
PDF10   0 +1 -1  -1.98253e-10   -1.98253e-10  -1.98253e-10   -1.98253e-10 
PDF11   0 +1 -1  -1.98253e-10   -1.98253e-10  -1.98253e-10   -1.98253e-10 
PDF12   0 +1 -1  -1.98253e-10   -1.98253e-10  -1.98253e-10   -1.98253e-10 
PDF13   0 +1 -1  -1.98253e-10   -1.98253e-10  -1.98253e-10   -1.98253e-10 
PDF14   0 +1 -1  -1.98253e-10   -1.98253e-10  -1.98253e-10   -1.98253e-10 
PDF15   0 +1 -1  -1.98253e-10   -1.98253e-10  -1.98253e-10   -1.98253e-10 
PDF16   0 +1 -1  -1.98253e-10   -1.98253e-10  -1.98253e-10   -1.98253e-10 
PDF17   0 +1 -1  -1.98253e-10   -1.98253e-10  -1.98253e-10   -1.98253e-10 
PDF18   0 +1 -1  -1.98253e-10   -1.98253e-10  -1.98253e-10   -1.98253e-10 
PDF19   0 +1 -1  -1.98253e-10   -1.98253e-10  -1.98253e-10   -1.98253e-10 
PDF20   0 +1 -1  -1.98253e-10   -1.98253e-10  -1.98253e-10   -1.98253e-10 
PDF21   0 +1 -1  -1.98253e-10   -1.98253e-10  -1.98253e-10   -1.98253e-10 
PDF22   0 +1 -1  -1.98253e-10   -1.98253e-10  -1.98253e-10   -1.98253e-10 
PDF23   0 +1 -1  -1.98253e-10   -1.98253e-10  -1.98253e-10   -1.98253e-10 
PDF24   0 +1 -1  -1.98253e-10   -1.98253e-10  -1.98253e-10   -1.98253e-10 
PDF25   0 +1 -1  -1.98253e-10   -1.98253e-10  -1.98253e-10   -1.98253e-10 
PDF26   0 +1 -1  -1.98253e-10   -1.98253e-10  -1.98253e-10   -1.98253e-10 
PDF27   0 +1 -1  -1.98253e-10   -1.98253e-10  -1.98253e-10   -1.98253e-10 
PDF28   0 +1 -1  -1.98253e-10   -1.98253e-10  -1.98253e-10   -1.98253e-10 
PDF29   0 +1 -1  -1.98253e-10   -1.98253e-10  -1.98253e-10   -1.98253e-10 
PDF30   0 +1 -1  -1.98253e-10   -1.98253e-10  -1.98253e-10   -1.98253e-10 
NNPDFUncertainty   0.218668 +0.451821 -0.451821  0.00884383   -0.000692574  0.0215131   -0.000692574 
BTag_C_NP1   0.0138937 +0.990744 -0.990744  -0.000653564   0.00305065  -0.00065217   0.0030024 
BTag_C_NP2   0 +1 -1  -1.98253e-10   -1.98253e-10  -1.98253e-10   -1.98253e-10 
BTag_C_NP3   0.00294209 +0.993354 -0.993354  0.000137396   -0.000146387  0.000138124   -0.000148199 
BTag_C_NP4   0.00187982 +0.99335 -0.99335  0.000117348   -0.000122396  0.000118274   -0.00012423 
BTag_C_NP5   0.000205119 +0.993346 -0.993346  -4.48717e-05   3.00711e-05  -4.45293e-05   3.01268e-05 
BTag_C_NP6   0 +1 -1  -1.98253e-10   -1.98253e-10  -1.98253e-10   -1.98253e-10 
BTag_C_NP7   0 +1 -1  -1.98253e-10   -1.98253e-10  -1.98253e-10   -1.98253e-10 
BTag_C_NP8   0 +1 -1  -1.98253e-10   -1.98253e-10  -1.98253e-10   -1.98253e-10 
BTag_C_NP9   0 +1 -1  -1.98253e-10   -1.98253e-10  -1.98253e-10   -1.98253e-10 
BTag_C_NP10   0 +1 -1  -1.98253e-10   -1.98253e-10  -1.98253e-10   -1.98253e-10 
BTag_C_NP11   0 +1 -1  -1.98253e-10   -1.98253e-10  -1.98253e-10   -1.98253e-10 
BTag_C_NP12   0 +1 -1  -1.98253e-10   -1.98253e-10  -1.98253e-10   -1.98253e-10 
BTag_C_NP13   0 +1 -1  -1.98253e-10   -1.98253e-10  -1.98253e-10   -1.98253e-10 
BTag_C_NP14   0 +1 -1  -1.98253e-10   -1.98253e-10  -1.98253e-10   -1.98253e-10 
BTag_C_NP15   0 +1 -1  -1.98253e-10   -1.98253e-10  -1.98253e-10   -1.98253e-10 
BTag_C_NP16   0 +1 -1  -1.98253e-10   -1.98253e-10  -1.98253e-10   -1.98253e-10 
BTag_C_NP17   0 +1 -1  -1.98253e-10   -1.98253e-10  -1.98253e-10   -1.98253e-10 
BTag_C_NP18   0 +1 -1  -1.98253e-10   -1.98253e-10  -1.98253e-10   -1.98253e-10 
BTag_C_NP19   0 +1 -1  -1.98253e-10   -1.98253e-10  -1.98253e-10   -1.98253e-10 
BTag_C_NP20   0 +1 -1  -1.98253e-10   -1.98253e-10  -1.98253e-10   -1.98253e-10 
BTag_Light_NP1   0.0227212 +0.983957 -0.983957  0.00179385   -0.00066126  0.00177848   -0.000656256 
BTag_Light_NP2   0.0129444 +0.992848 -0.992848  -0.000450384   0.000297576  -0.00045339   0.000335669 
BTag_Light_NP3   0 +1 -1  -1.98253e-10   -1.98253e-10  -1.98253e-10   -1.98253e-10 
BTag_Light_NP4   0 +1 -1  -1.98253e-10   -1.98253e-10  -1.98253e-10   -1.98253e-10 
BTag_Light_NP5   0 +1 -1  -1.98253e-10   -1.98253e-10  -1.98253e-10   -1.98253e-10 
BTag_Light_NP6   0 +1 -1  -1.98253e-10   -1.98253e-10  -1.98253e-10   -1.98253e-10 
BTag_Light_NP7   0.000643769 +0.993323 -0.993323  -3.9389e-05   4.81199e-05  -3.97632e-05   4.81567e-05 
BTag_Light_NP8   0 +1 -1  -1.98253e-10   -1.98253e-10  -1.98253e-10   -1.98253e-10 
BTag_Light_NP9   0 +1 -1  -1.98253e-10   -1.98253e-10  -1.98253e-10   -1.98253e-10 
BTag_Light_NP10   0.000736024 +0.993316 -0.993316  -4.48794e-05   4.53276e-05  -4.52616e-05   4.49996e-05 
BTag_Light_NP11   -0.00084537 +0.993266 -0.993266  -1.52673e-05   -4.79554e-05  -5.95411e-05   -4.82638e-05 
BTag_Light_NP12   0 +1 -1  -1.98253e-10   -1.98253e-10  -1.98253e-10   -1.98253e-10 
BTag_Light_NP13   0 +1 -1  -1.98253e-10   -1.98253e-10  -1.98253e-10   -1.98253e-10 
BTag_Light_NP14   0 +1 -1  -1.98253e-10   -1.98253e-10  -1.98253e-10   -1.98253e-10 
BTag_Light_NP15   0 +1 -1  -1.98253e-10   -1.98253e-10  -1.98253e-10   -1.98253e-10 
BTag_Light_NP16   0 +1 -1  -1.98253e-10   -1.98253e-10  -1.98253e-10   -1.98253e-10 
BTag_Light_NP17   0 +1 -1  -1.98253e-10   -1.98253e-10  -1.98253e-10   -1.98253e-10 
BTag_Light_NP18   0 +1 -1  -1.98253e-10   -1.98253e-10  -1.98253e-10   -1.98253e-10 
BTag_Light_NP19   0 +1 -1  -1.98253e-10   -1.98253e-10  -1.98253e-10   -1.98253e-10 
BTag_Light_NP20   0 +1 -1  -1.98253e-10   -1.98253e-10  -1.98253e-10   -1.98253e-10 
BTag_B_NP1   0.0524375 +0.992645 -0.992645  0.000244021   0.00012787  0.00024169   0.000119359 
BTag_B_NP2   0.0283028 +0.993062 -0.993062  0.000174825   1.87034e-05  0.000176888   2.10631e-05 
BTag_B_NP3   0 +1 -1  -1.98253e-10   -1.98253e-10  -1.98253e-10   -1.98253e-10 
BTag_B_NP4   0 +1 -1  -1.98253e-10   -1.98253e-10  -1.98253e-10   -1.98253e-10 
BTag_B_NP5   -0.0328387 +0.992891 -0.992891  0.000111267   0.00024275  9.82913e-05   0.000239944 
BTag_B_NP6   0 +1 -1  -1.98253e-10   -1.98253e-10  -1.98253e-10   -1.98253e-10 
BTag_B_NP7   0.0355296 +0.992675 -0.992675  0.000316451   0.000131913  0.000315464   0.000132301 
BTag_B_NP8   0 +1 -1  -1.98253e-10   -1.98253e-10  -1.98253e-10   -1.98253e-10 
BTag_B_NP9   -0.0412862 +0.992614 -0.992614  0.00012403   0.00030374  0.000116712   0.000257902 
BTag_B_NP10   0 +1 -1  -1.98253e-10   -1.98253e-10  -1.98253e-10   -1.98253e-10 
BTag_B_NP11   0 +1 -1  -1.98253e-10   -1.98253e-10  -1.98253e-10   -1.98253e-10 
BTag_B_NP12   0 +1 -1  -1.98253e-10   -1.98253e-10  -1.98253e-10   -1.98253e-10 
BTag_B_NP13   0 +1 -1  -1.98253e-10   -1.98253e-10  -1.98253e-10   -1.98253e-10 
BTag_B_NP14   0 +1 -1  -1.98253e-10   -1.98253e-10  -1.98253e-10   -1.98253e-10 
BTag_B_NP15   0 +1 -1  -1.98253e-10   -1.98253e-10  -1.98253e-10   -1.98253e-10 
BTag_B_NP16   0 +1 -1  -1.98253e-10   -1.98253e-10  -1.98253e-10   -1.98253e-10 
BTag_B_NP17   0 +1 -1  -1.98253e-10   -1.98253e-10  -1.98253e-10   -1.98253e-10 
BTag_B_NP18   0 +1 -1  -1.98253e-10   -1.98253e-10  -1.98253e-10   -1.98253e-10 
BTag_B_NP19   0 +1 -1  -1.98253e-10   -1.98253e-10  -1.98253e-10   -1.98253e-10 
BTag_B_NP20   0 +1 -1  -1.98253e-10   -1.98253e-10  -1.98253e-10   -1.98253e-10 
BTag_B_NP21   0 +1 -1  -1.98253e-10   -1.98253e-10  -1.98253e-10   -1.98253e-10 
BTag_B_NP22   0 +1 -1  -1.98253e-10   -1.98253e-10  -1.98253e-10   -1.98253e-10 
BTag_B_NP23   0 +1 -1  -1.98253e-10   -1.98253e-10  -1.98253e-10   -1.98253e-10 
BTag_B_NP24   0 +1 -1  -1.98253e-10   -1.98253e-10  -1.98253e-10   -1.98253e-10 
BTag_B_NP25   0 +1 -1  -1.98253e-10   -1.98253e-10  -1.98253e-10   -1.98253e-10 
BTag_B_NP26   0 +1 -1  -1.98253e-10   -1.98253e-10  -1.98253e-10   -1.98253e-10 
BTag_B_NP27   0 +1 -1  -1.98253e-10   -1.98253e-10  -1.98253e-10   -1.98253e-10 
BTag_B_NP28   0 +1 -1  -1.98253e-10   -1.98253e-10  -1.98253e-10   -1.98253e-10 
BTag_B_NP29   0 +1 -1  -1.98253e-10   -1.98253e-10  -1.98253e-10   -1.98253e-10 
BTag_B_NP30   0 +1 -1  -1.98253e-10   -1.98253e-10  -1.98253e-10   -1.98253e-10 
BTag_B_NP31   0 +1 -1  -1.98253e-10   -1.98253e-10  -1.98253e-10   -1.98253e-10 
BTag_B_NP32   0 +1 -1  -1.98253e-10   -1.98253e-10  -1.98253e-10   -1.98253e-10 
BTag_B_NP33   0 +1 -1  -1.98253e-10   -1.98253e-10  -1.98253e-10   -1.98253e-10 
BTag_B_NP34   0 +1 -1  -1.98253e-10   -1.98253e-10  -1.98253e-10   -1.98253e-10 
BTag_B_NP35   0 +1 -1  -1.98253e-10   -1.98253e-10  -1.98253e-10   -1.98253e-10 
BTag_B_NP36   0 +1 -1  -1.98253e-10   -1.98253e-10  -1.98253e-10   -1.98253e-10 
BTag_B_NP37   0 +1 -1  -1.98253e-10   -1.98253e-10  -1.98253e-10   -1.98253e-10 
BTag_B_NP38   0 +1 -1  -1.98253e-10   -1.98253e-10  -1.98253e-10   -1.98253e-10 
BTag_B_NP39   0 +1 -1  -1.98253e-10   -1.98253e-10  -1.98253e-10   -1.98253e-10 
BTag_B_NP40   0 +1 -1  -1.98253e-10   -1.98253e-10  -1.98253e-10   -1.98253e-10 
BTag_B_NP41   0 +1 -1  -1.98253e-10   -1.98253e-10  -1.98253e-10   -1.98253e-10 
BTag_B_NP42   0 +1 -1  -1.98253e-10   -1.98253e-10  -1.98253e-10   -1.98253e-10 
BTag_B_NP43   0 +1 -1  -1.98253e-10   -1.98253e-10  -1.98253e-10   -1.98253e-10 
BTag_B_NP44   0 +1 -1  -1.98253e-10   -1.98253e-10  -1.98253e-10   -1.98253e-10 
BTag_B_NP45   0 +1 -1  -1.98253e-10   -1.98253e-10  -1.98253e-10   -1.98253e-10 
Muons_ID   0 +1 -1  -1.98253e-10   -1.98253e-10  -1.98253e-10   -1.98253e-10 
Muons_MS   0 +1 -1  -1.98253e-10   -1.98253e-10  -1.98253e-10   -1.98253e-10 
Muons_Scale   0 +1 -1  -1.98253e-10   -1.98253e-10  -1.98253e-10   -1.98253e-10 
Muons_Sagitta_ResBias   0 +1 -1  -1.98253e-10   -1.98253e-10  -1.98253e-10   -1.98253e-10 
Muons_Sagitta_Rho   0 +1 -1  -1.98253e-10   -1.98253e-10  -1.98253e-10   -1.98253e-10 
MET_SoftTrk_ResoPara   -0.151087 +0.987941 -0.987941  0.00221966   -0.000622198  0.00183819   -0.000610016 
MET_SoftTrk_ResoPerp   -0.163286 +0.986727 -0.986727  0.00108797   0.000189968  0.00109975   0.000174563 
MET_SoftTrk_Scale   -0.113118 +0.990804 -0.990804  0.00177031   -0.000289412  0.0017642   -0.000297522 
EG_Resolution   0.0114863 +0.990679 -0.990679  8.05734e-05   -0.000213476  0.00015165   -0.000122851 
EG_Scale   0.107208 +0.980287 -0.980287  -0.000685004   0.00670127  -0.000687832   0.00685906 
EG_Scale_AF2   0 +1 -1  -1.98253e-10   -1.98253e-10  -1.98253e-10   -1.98253e-10 
JET_BJES_Response   0.0598872 +0.991459 -0.991459  -7.63358e-06   -7.136e-05  -1.80546e-05   -7.07856e-05 
JET_EffectiveNP_Detector1   0.00172097 +0.993343 -0.993343  0.000106939   -0.000100058  0.00010709   -0.000100803 
JET_EffectiveNP_Detector2   0 +1 -1  -1.98253e-10   -1.98253e-10  -1.98253e-10   -1.98253e-10 
JET_EffectiveNP_Mixed1   0.00165744 +0.993342 -0.993342  6.21575e-05   -6.44992e-05  6.25654e-05   -6.49194e-05 
JET_EffectiveNP_Mixed2   0.00850358 +0.992165 -0.992165  -0.000690871   0.00206328  -0.000686854   0.00194331 
JET_EffectiveNP_Mixed3   0.0026652 +0.993332 -0.993332  0.000426895   -0.000406151  0.000429695   -0.000408685 
JET_EffectiveNP_Modelling1   0.0996401 +0.96655 -0.96655  0.00498501   -0.000690559  0.00423785   -0.000691172 
JET_EffectiveNP_Modelling2   -0.00405298 +0.99329 -0.99329  -0.000489391   0.000872758  -0.000501928   0.00090087 
JET_EffectiveNP_Modelling3   0.00277227 +0.991099 -0.991099  0.00011726   -0.00047522  0.000118055   -0.000474176 
JET_EffectiveNP_Modelling4   0.00237683 +0.993331 -0.993331  0.000473604   -0.000449477  0.000476634   -0.000452323 
JET_EffectiveNP_Statistical1   0.00264259 +0.993332 -0.993332  0.000430529   -0.000409485  0.000433129   -0.00041201 
JET_EffectiveNP_Statistical2   -0.00120207 +0.991585 -0.991585  -0.000429706   -0.000120787  -0.00043354   -0.000119433 
JET_EffectiveNP_Statiscal3   0.0024619 +0.991098 -0.991098  0.000174484   -0.000490302  0.000175867   -0.00049268 
JET_EffectiveNP_Statistical4   -0.00461465 +0.993263 -0.993263  -0.000507155   0.00108376  -0.000505016   0.00110815 
JET_EffectiveNP_Statistical5   -0.00140813 +0.991115 -0.991115  -0.000447291   -0.000223311  -0.000451186   -0.000225581 
JET_EffectiveNP_Statistical6   0.00237659 +0.993331 -0.993331  0.000473509   -0.000449367  0.000476458   -0.000452198 
JET_EtaIntercalibration_Modeling1   0.0846098 +0.98443 -0.98443  0.00334391   -0.000634715  0.00339667   -0.000641032 
JET_EtaInterCalibration_NonClosure_highE   0 +1 -1  -1.98253e-10   -1.98253e-10  -1.98253e-10   -1.98253e-10 
JET_EtaIntercalibration_NonClosure_negEta   0.000881278 +0.993341 -0.993341  0.00032645   -0.000308202  0.000328396   -0.000312233 
JET+EtaIntercalibration_NonClosure_posEta   -0.00133906 +0.993332 -0.993332  -0.000474833   0.000474103  -0.000478075   0.000496483 
JET_EtaIntercalibration_TotalStat   -0.00854776 +0.991984 -0.991984  0.00196364   -0.000675534  0.00198161   -0.000684048 
JET_Flavor_Composition   0.613172 +0.905326 -0.905326  0.0103462   -0.000692566  0.0114989   -0.000692551 
JET_Flavor_Response   -0.216244 +0.973497 -0.973497  -0.000692415   0.00480718  -0.00069252   0.00495668 
JER_DataVsMC   0 +1 -1  -1.98253e-10   -1.98253e-10  -1.98253e-10   -1.98253e-10 
JER_DataVsMCAFII   0 +1 -1  -1.98253e-10   -1.98253e-10  -1.98253e-10   -1.98253e-10 
JER_EffectiveNP_1   0 +1 -1  -1.98253e-10   -1.98253e-10  -1.98253e-10   -1.98253e-10 
JER_EffectiveNP_2   0 +1 -1  -1.98253e-10   -1.98253e-10  -1.98253e-10   -1.98253e-10 
JER_EffectiveNP_3   0 +1 -1  -1.98253e-10   -1.98253e-10  -1.98253e-10   -1.98253e-10 
JER_EffectiveNP_4   0 +1 -1  -1.98253e-10   -1.98253e-10  -1.98253e-10   -1.98253e-10 
JER_EffectiveNP_5   0 +1 -1  -1.98253e-10   -1.98253e-10  -1.98253e-10   -1.98253e-10 
JER_EffectiveNP_6   0 +1 -1  -1.98253e-10   -1.98253e-10  -1.98253e-10   -1.98253e-10 
JER_EffectiveNP_7restTerm   0 +1 -1  -1.98253e-10   -1.98253e-10  -1.98253e-10   -1.98253e-10 
JET_Pileup_OffsetMu   0.180086 +0.987774 -0.987774  0.0026139   -0.000692544  0.00265469   -0.000686996 
JET_Pileup_OffsetNPV   0.20561 +0.977952 -0.977952  0.00335049   -0.000665615  0.00338851   -0.000671966 
JET_Pileup_PtTerm   0.0791434 +0.988338 -0.988338  0.00237478   -0.000690786  0.00239643   -0.000665232 
JET_Pileup_RhoTopology   0.362631 +0.941307 -0.941307  0.00647963   -0.000690701  0.00674599   -0.000691639 
JET_PunchThrough_AFII   0 +1 -1  -1.98253e-10   -1.98253e-10  -1.98253e-10   -1.98253e-10 
JET_RelativeNonClosure_AFII   -2.65507e-05 +0.993365 -0.993365  -0.000292814   0.000271419  -0.000294618   0.000273883 
JET_PunchThrough_MC16   0 +1 -1  -1.98253e-10   -1.98253e-10  -1.98253e-10   -1.98253e-10 
JET_SingleParticle_HighPt   0 +1 -1  -1.98253e-10   -1.98253e-10  -1.98253e-10   -1.98253e-10 
tt_Rad_HiLow   -0.775275 +0.6931 -0.6931  -0.000692574   0.00109608  -0.000692558   0.000511169 
tt_Generator   -0.188484 +0.528785 -0.528785  0.00606436   -0.000691873  0.00747677   -0.000692292 
mu_ttgam   1.33582 +0.271466 -0.236941  -0.000692571   0.0122112  0   0 
mu_WGam   1.0644 +0.244028 -0.244028  -0.000685479   0.00921575  0   0 
gamma_stat_SR_mqph_bin_0   0.924219 +0.222731 -0.222731  0.000579401   -0.000540971  0   0 
gamma_stat_SR_mqph_bin_1   1.05483 +0.176574 -0.176574  -0.000406735   0.00110093  0   0 
gamma_stat_SR_mqph_bin_2   1.02962 +0.114342 -0.114342  0.00201845   -0.000559426  0   0 
gamma_stat_SR_mqph_bin_3   1.02985 +0.0616772 -0.0616772  -0.000673347   0.0049115  0   0 
gamma_stat_SR_mqph_bin_4   0.98988 +0.0621082 -0.0621082  -0.000690195   0.00711253  0   0 
gamma_stat_SR_mqph_bin_5   0.988714 +0.0647579 -0.0647579  -0.000690731   0.0167615  0   0 
gamma_stat_SR_mqph_bin_6   0.99644 +0.0540772 -0.0540772  -0.000682082   0.00648536  0   0 
gamma_stat_SR_mqph_bin_7   0.998664 +0.0808782 -0.0808782  0.000330257   0.000410664  0   0 
gamma_stat_SR_mqph_bin_8   0.992813 +0.0991249 -0.0991249  0.00130266   -0.000606252  0   0 
gamma_stat_SR_mqph_bin_9   0.988349 +0.111772 -0.111772  0.00258967   -0.000669392  0   0 
gamma_stat_VR1_mqph_bin_0   0.935211 +0.030708 -0.030708  -0.000550734   0.000852487  0   0 
gamma_stat_VR1_mqph_bin_1   1.01349 +0.0186572 -0.0186572  -0.00067797   0.0037019  0   0 
gamma_stat_VR1_mqph_bin_2   1.00594 +0.0133934 -0.0133934  0.000851991   -0.000179889  0   0 
gamma_stat_VR1_mqph_bin_3   1.00633 +0.0139962 -0.0139962  0.00109872   -0.000544131  0   0 
gamma_stat_VR1_mqph_bin_4   0.996163 +0.0153085 -0.0153085  0.00234785   -0.000654693  0   0 
gamma_stat_VR1_mqph_bin_5   1.01178 +0.0201451 -0.0201451  -0.000222814   0.000244398  0   0 
gamma_stat_VR1_mqph_bin_6   0.972606 +0.0315577 -0.0315577  -0.000416475   -0.000187365  0   0 
gamma_stat_VR1_mqph_bin_7   1.00452 +0.0274369 -0.0274369  -0.000669661   0.00186653  0   0 
gamma_stat_VR1_mqph_bin_8   1.01551 +0.0337171 -0.0337171  -0.00053306   0.00052279  0   0 
gamma_stat_VR1_mqph_bin_9   0.979918 +0.0197504 -0.0197504  0.00189755   -0.000677832  0   0 
gamma_stat_VR2_mqph_bin_0   0.995942 +0.0143686 -0.0143686  -0.000623636   0.00161379  0   0 
gamma_stat_VR2_mqph_bin_1   1.00442 +0.0167977 -0.0167977  0.000942691   -0.000407704  0   0 
gamma_stat_VR2_mqph_bin_2   0.999964 +0.00943142 -0.00943142  0.00100488   -0.000690892  0   0 
gamma_stat_VR2_mqph_bin_3   1.00128 +0.0113408 -0.0113408  0.00194844   -0.000692086  0   0 
gamma_stat_VR2_mqph_bin_4   0.998979 +0.0157352 -0.0157352  -0.000442611   -9.35148e-05  0   0 
gamma_stat_VR2_mqph_bin_5   0.992126 +0.0197815 -0.0197815  0.000953099   -0.000439691  0   0 
gamma_stat_VR2_mqph_bin_6   0.996291 +0.0247814 -0.0247814  -0.00010224   0.000169049  0   0 
gamma_stat_VR2_mqph_bin_7   1.00694 +0.0348863 -0.0348863  -0.000395676   -7.12359e-05  0   0 
gamma_stat_VR2_mqph_bin_8   1.00528 +0.0410159 -0.0410159  -0.000615396   0.00096044  0   0 
gamma_stat_VR2_mqph_bin_9   1.00717 +0.0277142 -0.0277142  -0.000607407   3.72255e-05  0   0 
