NUISANCE_PARAMETERS
SigXsecOverSM  0.109929 +0.0659627 -0.0740903
BTag_C_NP1  -0.021689 +0.992295 -0.992295
BTag_C_NP10  0.000231309 +0.993348 -0.993348
BTag_Light_NP1  0.0928174 +0.994027 -0.994027
BTag_Light_NP10  -0.00824015 +0.993399 -0.993399
BTag_Light_NP11  0.0124464 +0.993468 -0.993468
BTag_Light_NP2  -0.0253986 +0.993526 -0.993526
BTag_Light_NP4  -0.00562203 +0.99337 -0.99337
BTag_Light_NP5  -0.00202327 +0.993349 -0.993349
BTag_Light_NP7  -0.00532685 +0.993367 -0.993367
BTag_Light_NP9  -0.00375561 +0.993363 -0.993363
EG_Resolution  0.006092 +0.993184 -0.993184
EG_Scale  -0.156685 +0.985442 -0.985442
EG_Scale_AF2  0.0131098 +0.993253 -0.993253
EGamFake  -0.218525 +0.96681 -0.96681
JET_BJES_Response  -0.0163083 +0.993657 -0.993657
JET_EffectiveNP_Mixed1  -0.0230372 +0.993101 -0.993101
JET_EffectiveNP_Mixed2  -0.0242174 +0.99322 -0.99322
JET_EffectiveNP_Modelling1  -0.124982 +0.985177 -0.985177
JET_EffectiveNP_Modelling3  -0.00606627 +0.993277 -0.993277
JET_EffectiveNP_Statistical2  -0.00519817 +0.993295 -0.993295
JET_EffectiveNP_Statistical4  -0.0454546 +0.99231 -0.99231
JET_EtaIntercalibration_Modeling1  -0.0581023 +0.992228 -0.992228
JET_EtaIntercalibration_TotalStat  0.0430366 +0.993165 -0.993165
JET_Flavor_Composition  -0.0972075 +0.989923 -0.989923
JET_Flavor_Response  0.122606 +0.990432 -0.990432
JET_Pileup_OffsetMu  -0.0421461 +0.991804 -0.991804
JET_Pileup_OffsetNPV  -0.0444422 +0.99099 -0.99099
JET_Pileup_PtTerm  -0.087273 +0.991001 -0.991001
JET_Pileup_RhoTopology  -0.0534771 +0.991334 -0.991334
JET_RelativeNonClosure_AFII  0.0175648 +0.993301 -0.993301
JGamFake  -0.52521 +0.843777 -0.843777
JVT  -0.000743269 +1.15313 -1.15313
Lumi  -0.110259 +0.94502 -0.94502
MET_SoftTrk_ResoPara  0.00501857 +0.993346 -0.993346
MET_SoftTrk_ResoPerp  -0.0468757 +0.992385 -0.992385
MET_SoftTrk_Scale  -0.00532245 +0.993394 -0.993394
Muons_ID  -0.0164183 +0.992605 -0.992605
Muons_MS  0.0092954 +0.993336 -0.993336
NNPDFUncertainty  0.0210951 +0.992257 -0.992257
PDF4  0.0114628 +0.992092 -0.992092
PhotonSF_effIso  0 +1.19109 -1.19109
Pileup  -0.350343 +0.933985 -0.933985
ScalemurmufWJets  -0.24158 +0.745088 -0.745088
ScalemurmufWgam  -0.0682069 +0.957618 -0.957618
ScalemurmufZJets  -0.0193708 +1.17352 -1.17352
ScalemurmufZgam  0.0103874 +0.995767 -0.995767
Scalemurmufttgam  0.0278265 +0.897582 -0.897582
VVXsec  -0.00128287 +0.993376 -0.993376
VjetXsec  -0.0433323 +0.991806 -0.991806
stXsec  -0.00646148 +0.993127 -0.993127
ttXsec  -0.155459 +0.991695 -0.991695
tt_Generator  -0.189583 +0.969652 -0.969652
tt_Rad_HiLow  -0.0540851 +0.992885 -0.992885
ttgamXsec  0.133531 +0.943577 -0.943577
gamma_stat_SRmu_mqph_bin_0  0.91701 +0.149752 -0.149752
gamma_stat_SRmu_mqph_bin_1  0.994829 +0.124995 -0.124995
gamma_stat_SRmu_mqph_bin_2  0.998559 +0.0771371 -0.0771371
gamma_stat_SRmu_mqph_bin_3  0.976291 +0.0610897 -0.0610897
gamma_stat_SRmu_mqph_bin_4  0.982763 +0.0784842 -0.0784842
gamma_stat_SRmu_mqph_bin_5  1.00492 +0.0428109 -0.0428109
gamma_stat_SRmu_mqph_bin_6  1.0108 +0.0559038 -0.0559038
gamma_stat_SRmu_mqph_bin_7  0.994442 +0.108289 -0.108289
gamma_stat_SRmu_mqph_bin_8  0.965781 +0.152479 -0.152479
gamma_stat_SRmu_mqph_bin_9  1.01131 +0.0470093 -0.0470093


CORRELATION_MATRIX
65   65
0.0269391   0.0416625   0.0838767   0.00629797   -0.213031   -0.11819   0.058028   -0.0566927   0.0331595   0.0550552   -0.0985622   -0.214819   -0.547858   -0.0955431   -0.00641236   -0.0386992   -0.000389966   -0.0179116   -0.00737507   -0.000528226   -0.0447626   0.263145   0.145093   -0.00303208   0.0336083   0.00167373   0.00444689   -0.0166133   -0.0036541   -0.0341572   0.000776897   -0.28812   4.31913e-05   -0.446207   0.0117837   0.0626176   -0.00799183   0.0234007   0.00568661   -0.0416916   0.0564109   0.018956   0.00818135   -0.0109228   -0.00444936   -0.00519604   0.0668548   -0.0154693   0.0282435   -0.0125524   -0.0802171   0.00969468   -0.0345325   0.0057178   -0.00282052   -0.00327559   -0.000754062   -0.00350994   -0.0185988   0.0080913   -0.00529665   0.0803991   7.03465e-05   -0.0201819   1   
-0.00796553   -0.00386011   -0.00881143   -0.00047673   0.00699328   -0.00566704   -0.00974278   -0.00298782   -0.00088512   -0.0029822   -0.0143282   -0.00314145   -0.00640821   -0.00258421   -0.00125047   -0.00482019   -9.68758e-05   -0.00260403   -0.000942185   -0.0010474   -0.0128402   -0.00318619   0.0108715   -5.18383e-05   0.00259259   0.000340803   3.12469e-05   -0.00312687   9.93265e-05   -0.00321452   -0.000615083   -0.018512   -2.95408e-05   -0.0088187   -0.000108023   0.000671118   0.00151329   -0.00260267   0.000394988   -0.000920717   0.000284805   0.00254229   -0.00335189   0.0015198   -0.000878607   -0.00102605   0.00474803   -0.000961603   0.00069256   -0.000197966   -0.00503824   -0.000149194   -0.00683761   0.0017272   -4.45393e-05   -0.000122142   -8.62187e-05   -0.000124694   -0.00138024   0.000262033   -0.000171228   0.00650136   1.73988e-05   1   -0.0201819   
-4.03999e-06   -3.90113e-05   0.000200458   -6.22564e-05   -1.17357e-05   -3.04648e-06   7.24086e-05   -9.03543e-06   2.17151e-05   8.92277e-06   1.58136e-05   2.52476e-05   5.32483e-05   1.67784e-05   5.2214e-06   8.47601e-06   1.37126e-05   2.94952e-06   -3.53554e-07   8.8221e-06   3.19121e-05   4.18611e-05   -0.000344812   -7.03554e-07   -5.74981e-06   -8.77429e-06   -4.62858e-07   1.09588e-05   -1.23255e-06   2.98497e-06   -6.6841e-06   5.32435e-05   -1.77796e-06   0.000227431   -5.34034e-07   4.08126e-07   6.77861e-06   5.0826e-06   -4.85691e-06   1.7391e-06   5.63795e-06   -7.13659e-06   1.20176e-05   -5.81301e-07   2.12682e-06   2.52509e-06   -4.25284e-06   3.302e-06   -1.90183e-06   -2.22338e-06   2.67621e-05   8.38815e-08   3.39667e-05   -4.95803e-06   -5.70776e-07   -2.3797e-07   2.26323e-07   -3.35613e-07   6.41831e-06   -1.98546e-06   -5.33001e-07   -3.10677e-05   1   1.73988e-05   7.03465e-05   
0.00836596   0.00449577   0.00818695   0.0121052   -0.0237494   0.0200157   0.0230437   0.0156286   -3.63143e-05   0.0111053   0.0205121   0.0092436   0.0186424   0.00739825   0.00252196   0.0118231   0.000172429   0.00372762   0.00174391   0.00499813   0.0213808   0.0625722   -0.0277157   0.000232918   -0.00446182   -0.00260484   -2.97237e-05   0.00513555   0.000573703   0.00665823   0.000525413   0.0359806   7.06588e-05   0.0506769   0.000573408   0.00108203   -0.00117257   0.00549958   0.0010402   -0.00214622   0.00519299   -0.00964892   0.00619839   -0.00153103   0.00143046   0.00167061   -0.00334548   0.00123826   -0.00043572   0.00299462   0.0128571   0.000534264   0.0150253   -0.00211182   0.000672436   0.00105155   0.000465019   0.00110291   0.00558667   -0.00239052   0.00159983   1   -3.10677e-05   0.00650136   0.0803991   
0.000196613   7.95289e-05   0.000521616   -0.000935605   0.00141849   -0.00121266   -0.00121338   -0.00138718   0.000103685   -0.000690682   -0.00018632   -0.000401516   -0.000834582   -0.000426791   -7.29089e-05   -0.000584108   2.65357e-06   -3.40933e-05   -7.0743e-05   -0.000467911   -0.000493315   -0.00579071   0.00117106   -1.88254e-05   0.000113387   0.00021701   6.39674e-06   -0.000115649   -5.11481e-05   -0.000271867   -5.55691e-06   -0.0012179   -2.19869e-06   -0.00364591   -2.87641e-05   -0.000214084   -0.000119704   -0.000248181   -0.000173952   0.000392225   -0.000545993   0.000780999   -0.000197909   -5.74789e-05   -3.14355e-05   -3.66275e-05   -0.00030021   -1.51744e-05   -6.09863e-05   -0.000255975   -0.000638597   -2.20414e-05   -0.000650253   -3.59287e-06   -5.75447e-05   -9.36423e-05   -4.37166e-05   -9.80159e-05   -0.000386776   0.000206847   1   0.00159983   -5.33001e-07   -0.000171228   -0.00529665   
-0.000298776   -0.000137378   -0.000542268   0.00148909   -0.00215845   0.00197433   0.00171869   0.00180934   -0.0001217   0.001093   0.000270956   0.000684941   0.00141029   0.000622499   0.000114124   0.000862604   1.09261e-05   4.92946e-05   0.000106301   0.000596736   0.000753152   0.00897191   -0.00199504   2.37355e-05   -0.000165469   -0.000339781   -3.03406e-06   0.000180728   9.57118e-05   0.000388745   -3.23849e-05   0.00180833   2.96285e-06   0.00582974   5.26893e-05   0.000312634   0.00015676   0.000348914   0.00024151   -0.000539883   0.000846356   -0.00101098   0.000305606   7.69286e-05   4.80028e-05   5.60867e-05   0.000438206   1.37606e-05   7.52581e-05   0.000400895   0.000951142   4.14245e-05   0.000957136   7.79447e-06   8.99643e-05   0.00013492   5.60384e-05   0.00014181   0.000576342   1   0.000206847   -0.00239052   -1.98546e-06   0.000262033   0.0080913   
-0.00157313   -0.000784907   -0.00120273   -0.00271753   0.00536343   -0.00467309   -0.00523891   -0.0037254   -2.96483e-05   -0.00255227   -0.00413784   -0.00195303   -0.00398855   -0.0016762   -0.00050744   -0.00263664   -3.56046e-05   -0.000751772   -0.000368642   -0.00123506   -0.00448882   -0.0154643   0.00598131   -5.25505e-05   0.000937339   0.000638243   1.0384e-05   -0.0010801   -0.000140419   -0.00145404   -9.21553e-05   -0.00769674   -1.58822e-05   -0.0117759   -0.000120822   -0.000339677   0.000150756   -0.00122791   -0.000290458   0.000648099   -0.00128457   0.00229404   -0.00134523   0.000268884   -0.000300776   -0.000351225   0.000495432   -0.000261736   5.14866e-05   -0.000720565   -0.00285376   -0.000110908   -0.00330472   0.000420236   -0.000161863   -0.000254481   -0.000113403   -0.000266817   1   0.000576342   -0.000386776   0.00558667   6.41831e-06   -0.00138024   -0.0185988   
0.000132427   7.07386e-05   0.000359375   -0.000522708   0.000940235   -0.000706748   -0.000937765   -0.00110684   7.58974e-05   -0.000431867   -0.000142894   -0.000232977   -0.000493898   -0.000311037   -4.97632e-05   -0.00040735   1.41188e-06   -2.61337e-05   -4.71043e-05   -0.000391411   -0.000346412   -0.00372559   0.00088683   -1.50769e-05   8.3604e-05   0.000142724   9.09634e-06   -8.10328e-05   -2.05212e-05   -0.000197405   -2.61066e-05   -0.000870082   -3.90683e-07   -0.00237499   -1.24729e-05   -0.000149607   -0.000100741   -0.000186167   -0.000126134   0.000294563   -0.000352311   0.000637538   -0.000136111   -4.43015e-05   -2.20886e-05   -2.57743e-05   -0.000206235   -1.87311e-05   -5.04059e-05   -0.000158544   -0.000453613   -9.13329e-06   -0.000474485   3.0592e-06   -3.56829e-05   -6.63113e-05   -3.59005e-05   1   -0.000266817   0.00014181   -9.80159e-05   0.00110291   -3.35613e-07   -0.000124694   -0.00350994   
3.97868e-05   0.000111477   0.000150356   0.000405806   0.000203321   0.000364226   -0.000913615   -0.00123703   5.46334e-05   4.47297e-05   -0.000133986   0.000126364   0.000208853   -0.000217079   -1.81435e-05   -0.000195345   -1.39163e-06   -2.44137e-05   -1.11319e-05   -0.000517453   -0.000178427   -0.000205406   0.000781027   -1.72132e-05   6.32824e-05   2.50546e-05   2.78169e-05   -4.09034e-05   6.68435e-05   -0.000134443   -0.000124793   -0.000522377   5.95418e-06   -0.000292401   3.26827e-05   -7.32645e-05   -0.000135678   -0.000155429   -8.48663e-05   0.000247941   -2.48253e-05   0.000776654   -5.53136e-05   -4.27384e-05   -1.14455e-05   -1.34042e-05   -8.3155e-05   -5.00362e-05   -6.38909e-05   2.52335e-05   -0.000259325   2.70222e-05   -0.000334195   2.97522e-05   5.59521e-06   -3.70766e-05   1   -3.59005e-05   -0.000113403   5.60384e-05   -4.37166e-05   0.000465019   2.26323e-07   -8.62187e-05   -0.000754062   
0.000124699   7.54478e-05   0.000342527   -0.000437184   0.000877596   -0.000609072   -0.000944775   -0.00113053   7.46059e-05   -0.000389584   -0.000143457   -0.00020017   -0.000430108   -0.000304913   -4.71276e-05   -0.000390601   1.15712e-06   -2.60755e-05   -4.40062e-05   -0.000407616   -0.0003334   -0.00341866   0.000885298   -1.54397e-05   8.24284e-05   0.000132668   1.10508e-05   -7.78651e-05   -1.21898e-05   -0.000193245   -3.59515e-05   -0.00084467   2.94419e-07   -0.00219503   -8.1327e-06   -0.00014357   -0.000105136   -0.000184925   -0.000123335   0.000292998   -0.000323697   0.000657572   -0.000129528   -4.45859e-05   -2.12312e-05   -2.47947e-05   -0.000196225   -2.18955e-05   -5.21628e-05   -0.000142134   -0.000439103   -5.64425e-06   -0.000465496   5.73969e-06   -3.19475e-05   1   -3.70766e-05   -6.63113e-05   -0.000254481   0.00013492   -9.36423e-05   0.00105155   -2.3797e-07   -0.000122142   -0.00327559   
9.57914e-05   -3.3358e-05   0.000220256   -0.00090556   0.000754285   -0.00105143   -8.62392e-05   4.68903e-05   2.51097e-05   -0.000475883   -1.81004e-05   -0.00035255   -0.000691928   -0.000109179   -3.30036e-05   -0.000226256   2.60854e-06   -3.36919e-06   -3.69188e-05   9.14896e-05   -0.00018095   -0.00355143   0.000159153   9.55557e-07   2.46999e-05   0.000119925   -1.69715e-05   -4.31909e-05   -8.33234e-05   -7.24015e-05   9.06446e-05   -0.000384909   -5.93076e-06   -0.00211248   -4.32266e-05   -8.17436e-05   2.58857e-05   -4.14077e-05   -4.72475e-05   6.36313e-05   -0.0003308   -8.71695e-05   -8.49691e-05   -4.55171e-06   -1.15244e-05   -1.3406e-05   -0.00012934   2.80607e-05   9.15607e-06   -0.000182946   -0.000212882   -3.45033e-05   -0.000163713   -2.47775e-05   1   -3.19475e-05   5.59521e-06   -3.56829e-05   -0.000161863   8.99643e-05   -5.75447e-05   0.000672436   -5.70776e-07   -4.45393e-05   -0.00282052   
0.00385768   0.00190156   0.00432818   -0.000769231   -0.00233516   0.00179128   0.00415157   0.00101196   0.000401726   0.000922113   0.00663491   0.00104011   0.00216762   0.000994897   0.000537548   0.00198338   2.75701e-05   0.00120588   0.000524138   0.000389009   0.00583494   -0.00225685   -0.00390148   1.99631e-05   -0.0011596   -1.64645e-05   -2.66872e-05   0.00143544   -0.000125488   0.00140557   0.000385988   0.00806174   6.53997e-06   0.00133971   3.8001e-06   -0.000432626   -0.000715456   0.00114272   -0.000247075   0.000596547   -0.000433363   -0.00100268   0.00148345   -0.000728633   0.000402164   0.000469709   -0.00241844   0.000474758   -0.000346132   -0.000110351   0.00198167   3.33713e-05   0.00288685   1   -2.47775e-05   5.73969e-06   2.97522e-05   3.0592e-06   0.000420236   7.79447e-06   -3.59287e-06   -0.00211182   -4.95803e-06   0.0017272   0.0057178   
-0.00908009   -0.00194168   -0.00553284   0.00277559   0.0139227   -0.0112259   -0.0373225   -0.020527   -0.0217067   -0.0217152   -0.0289034   -0.0214627   -0.0528887   -0.023736   -0.00228331   -0.0096095   -0.00018862   -0.00525095   -0.00233304   -0.000932719   -0.0224627   0.0125011   0.0173043   -0.000734842   0.00897878   0.000672864   0.000696857   -0.00552431   0.000295756   -0.0102808   -0.0014224   -0.0542811   -1.50745e-05   -0.0183611   0.000684817   0.00112931   -0.00319585   -0.00786233   -0.00284918   0.00777491   -0.00520648   0.00788137   -0.00928539   0.000147557   -0.00151958   -0.00177457   0.00346153   -0.00253791   -0.00162686   -0.000728357   -0.0350747   0.000475208   1   0.00288685   -0.000163713   -0.000465496   -0.000334195   -0.000474485   -0.00330472   0.000957136   -0.000650253   0.0150253   3.39667e-05   -0.00683761   -0.0345325   
-0.0003764   0.000111996   -0.00146462   -0.00328944   -0.00223866   0.00148559   0.00425183   0.000865287   0.000805892   0.000414809   -0.00141013   -0.00315608   -0.00642573   -0.000232293   -0.000181232   -0.000271964   -5.52953e-07   -0.000256078   -0.000188254   0.000313545   -0.00053087   0.00687497   0.00302042   4.09369e-06   0.000250886   -0.000187673   -5.86188e-05   -0.000149821   -8.43608e-05   -0.000197249   3.66837e-05   -0.00162579   1.08146e-05   -0.00441506   -0.000123526   0.000977796   0.000679621   0.000557989   0.000242704   -0.00130503   0.000448096   -0.000441644   0.000352267   0.000198641   -3.63276e-05   -4.24101e-05   0.00135546   8.93364e-05   0.000492079   -0.000153465   -0.000207905   1   0.000475208   3.33713e-05   -3.45033e-05   -5.64425e-06   2.70222e-05   -9.13329e-06   -0.000110908   4.14245e-05   -2.20414e-05   0.000534264   8.38815e-08   -0.000149194   0.00969468   
-0.00085856   -0.00815934   -0.0068254   -0.00839689   0.0237417   -0.00863888   -0.0285476   -0.0187203   -0.0394747   -0.0332295   -0.0156411   -0.0230946   -0.0528644   -0.0282206   -0.00196407   -0.00756978   -0.000148875   -0.00284256   -0.00227527   0.000334528   -0.0174639   0.0220019   0.000718977   -0.000673711   0.0079712   -0.00106064   0.000530272   -0.00407233   9.15258e-05   -0.0105114   -0.00126224   -0.0466473   3.12001e-05   -0.00980014   -0.000226899   -0.00339995   -0.00414006   -0.00987891   -0.00402737   0.0137328   -0.0137191   0.00617647   -0.0106752   -0.00022172   -0.00110097   -0.00128573   -0.00442699   -0.00122282   -0.00441532   -0.000947201   1   -0.000207905   -0.0350747   0.00198167   -0.000212882   -0.000439103   -0.000259325   -0.000453613   -0.00285376   0.000951142   -0.000638597   0.0128571   2.67621e-05   -0.00503824   -0.0802171   
0.00042636   -0.000148374   0.000980482   -0.00403027   0.00335707   -0.00468003   -0.000383497   0.00020843   0.000111604   -0.00211814   -8.02505e-05   -0.00156905   -0.0030799   -0.000485737   -0.000146681   -0.00100715   1.20834e-05   -1.46088e-05   -0.000164082   0.000407543   -0.000805159   -0.0158056   0.000709617   4.28753e-06   0.000110133   0.00053377   -7.53406e-05   -0.000191763   -0.000370769   -0.00032213   0.000403989   -0.00171307   -2.62401e-05   -0.00940522   -0.000191865   -0.000363586   0.00011549   -0.000184145   -0.000210019   0.000283462   -0.00147203   -0.00038758   -0.000377779   -1.98864e-05   -5.10251e-05   -5.95289e-05   -0.000575645   0.000125087   4.10958e-05   1   -0.000947201   -0.000153465   -0.000728357   -0.000110351   -0.000182946   -0.000142134   2.52335e-05   -0.000158544   -0.000720565   0.000400895   -0.000255975   0.00299462   -2.22338e-06   -0.000197966   -0.0125524   
0.00275994   0.00269671   0.00626729   0.00268947   -0.00309893   0.00156615   -0.00311788   -0.00384781   -0.00346553   -0.00202741   0.00275729   -0.00462662   -0.0127525   -0.00419135   0.000384105   0.000678362   1.04651e-05   0.000501198   0.000300052   -9.7813e-05   0.00276128   0.00361176   -0.000331344   -0.00014857   0.000451387   0.000126776   0.000317035   0.00063011   7.76617e-05   -0.000369372   1.10208e-05   -0.00094758   8.87605e-06   -0.00210466   0.000600311   0.000948543   -0.00150624   0.000673829   -0.000468209   0.000839731   0.00146564   0.00101987   0.000652855   -0.000887795   0.000176207   0.000205878   -0.00060698   -0.000384895   1   4.10958e-05   -0.00441532   0.000492079   -0.00162686   -0.000346132   9.15607e-06   -5.21628e-05   -6.38909e-05   -5.04059e-05   5.14866e-05   7.52581e-05   -6.09863e-05   -0.00043572   -1.90183e-06   0.00069256   0.0282435   
-0.0017045   -0.00128789   -0.00137464   0.00372812   0.00518408   -0.00372853   -0.00819584   -0.00179851   -0.00123392   -0.00135876   -0.00218563   0.00300564   0.00618926   -0.000461812   -0.000157108   -0.0011237   -1.82382e-05   -0.000397373   -0.000285506   -0.000568379   -0.00318691   -0.00991479   -0.00127506   -1.99593e-05   0.000408953   0.00032788   9.98844e-05   -0.000773145   0.000134435   -0.000694335   -0.00026315   -0.00328601   -1.18466e-05   0.0030656   0.000149622   -0.000984721   -0.000431764   -0.00142366   -0.000216664   0.00127232   -0.000595862   0.00116692   -0.00143934   0.000176325   -0.000218183   -0.000254855   -0.000300902   1   -0.000384895   0.000125087   -0.00122282   8.93364e-05   -0.00253791   0.000474758   2.80607e-05   -2.18955e-05   -5.00362e-05   -1.87311e-05   -0.000261736   1.37606e-05   -1.51744e-05   0.00123826   3.302e-06   -0.000961603   -0.0154693   
0.0277865   0.00720834   0.0160801   0.00564969   -0.00783587   -0.00602406   -0.00680609   -0.0076534   -0.00297344   -0.00413321   0.0282818   -0.0103704   -0.0300232   -0.00794509   0.00203578   0.00485776   2.32946e-05   0.00513785   0.0025085   0.000794435   0.0182758   -0.0106101   -0.00112249   -0.000311052   -0.0024697   0.00010374   0.00076304   0.00410268   -0.000331646   0.00182161   0.0012628   0.0188157   4.5848e-05   -0.0189617   0.00160151   0.000519747   -0.00676546   0.004379   -0.00214674   0.0040728   4.66165e-05   0.00042224   0.00473474   -0.00534479   0.00111933   0.00130724   1   -0.000300902   -0.00060698   -0.000575645   -0.00442699   0.00135546   0.00346153   -0.00241844   -0.00012934   -0.000196225   -8.3155e-05   -0.000206235   0.000495432   0.000438206   -0.00030021   -0.00334548   -4.25284e-06   0.00474803   0.0668548   
-0.00215938   -0.00111869   -0.00234681   -0.00016658   0.00185415   -0.00174101   -0.00245148   -0.000551711   -0.000214679   -0.000852112   -0.00383696   -0.000837057   -0.00171565   -0.000647111   -0.000332035   -0.00129611   -1.40652e-05   -0.000697272   -0.000326928   -0.00016262   -0.00348669   -0.00109121   0.00235644   -1.0856e-05   0.000685142   9.02793e-05   4.00975e-06   -0.000856807   1.62752e-05   -0.000859249   -0.000161443   -0.00490699   -7.67483e-06   -0.00219498   -3.12759e-05   0.000194305   0.000429918   -0.000686831   0.000110679   -0.000301042   2.68375e-05   0.00051943   -0.000912699   0.000416964   -0.000239679   1   0.00130724   -0.000254855   0.000205878   -5.95289e-05   -0.00128573   -4.24101e-05   -0.00177457   0.000469709   -1.3406e-05   -2.47947e-05   -1.34042e-05   -2.57743e-05   -0.000351225   5.60867e-05   -3.66275e-05   0.00167061   2.52509e-06   -0.00102605   -0.00519604   
-0.00184903   -0.000957898   -0.00200953   -0.000142667   0.0015877   -0.00149077   -0.00209919   -0.000472434   -0.000183829   -0.000729669   -0.00328557   -0.000716797   -0.00146907   -0.000554079   -0.000284337   -0.00110983   -1.20851e-05   -0.000597196   -0.000280008   -0.000139239   -0.00298559   -0.000934514   0.00201775   -9.29356e-06   0.000586664   7.72448e-05   3.38232e-06   -0.000733723   1.39502e-05   -0.000735818   -0.000138287   -0.00420189   -6.57044e-06   -0.00187951   -2.67841e-05   0.000166382   0.000368114   -0.00058815   9.47988e-05   -0.000257765   2.29657e-05   0.000444758   -0.00078151   0.000357061   1   -0.000239679   0.00111933   -0.000218183   0.000176207   -5.10251e-05   -0.00110097   -3.63276e-05   -0.00151958   0.000402164   -1.15244e-05   -2.12312e-05   -1.14455e-05   -2.20886e-05   -0.000300776   4.80028e-05   -3.14355e-05   0.00143046   2.12682e-06   -0.000878607   -0.00444936   
0.00982717   0.00159289   0.00306442   0.0025494   0.00109699   -0.00360682   -0.00515118   -0.00241208   -0.00148605   -0.00152513   0.00927759   0.00128444   0.00143027   -0.00111104   0.00066958   0.0016974   2.78324e-06   0.00168556   0.000964709   -8.45265e-05   0.00576495   -0.00321402   -0.00182191   -6.86728e-05   -0.00111427   -0.000228416   0.000103305   0.00133065   -2.8042e-05   0.000787571   0.000323174   0.00768383   2.04747e-05   0.00100708   0.000210424   -0.00152687   -0.00282008   0.000231674   -0.00133877   0.0035286   -0.00296405   0.000341308   0.000731152   1   0.000357061   0.000416964   -0.00534479   0.000176325   -0.000887795   -1.98864e-05   -0.00022172   0.000198641   0.000147557   -0.000728633   -4.55171e-06   -4.45859e-05   -4.27384e-05   -4.43015e-05   0.000268884   7.69286e-05   -5.74789e-05   -0.00153103   -5.81301e-07   0.0015198   -0.0109228   
-0.00578542   -0.00176688   -0.00201418   0.00268986   0.00374143   -0.00731811   -0.0128488   -0.00477941   -0.00594867   -0.00756456   -0.0127074   -0.00978946   -0.0243138   -0.00781506   -0.000866813   -0.00442251   -6.71401e-05   -0.00230957   -0.000839024   7.21712e-05   -0.0110882   -0.00559192   0.00835695   -0.000188094   0.00341886   0.000737   0.000329856   -0.00278172   -2.21216e-05   -0.00395223   -0.000314704   -0.0214623   -4.25784e-05   -0.014037   0.000512372   0.0019642   0.000146058   -0.00192392   3.48987e-06   -0.000416794   0.00171149   0.00204664   1   0.000731152   -0.00078151   -0.000912699   0.00473474   -0.00143934   0.000652855   -0.000377779   -0.0106752   0.000352267   -0.00928539   0.00148345   -8.49691e-05   -0.000129528   -5.53136e-05   -0.000136111   -0.00134523   0.000305606   -0.000197909   0.00619839   1.20176e-05   -0.00335189   0.00818135   
0.00139147   -0.000703822   0.000236982   -0.00667761   -0.00683215   -0.00461683   0.0196721   0.0221167   -0.000218163   0.000316088   0.00589924   -0.00191007   -0.00332668   0.00445611   0.000667723   0.00467412   3.90944e-05   0.00107209   0.00051703   0.00893777   0.00674787   0.00488234   -0.0156798   0.000321103   -0.00175466   -0.000515433   -0.000518064   0.00158966   -0.0011697   0.00317207   0.00230915   0.0138558   -9.09711e-05   0.00530415   -0.00056455   0.00127308   0.00203538   0.00351384   0.0014357   -0.00424699   0.000554293   1   0.00204664   0.000341308   0.000444758   0.00051943   0.00042224   0.00116692   0.00101987   -0.00038758   0.00617647   -0.000441644   0.00788137   -0.00100268   -8.71695e-05   0.000657572   0.000776654   0.000637538   0.00229404   -0.00101098   0.000780999   -0.00964892   -7.13659e-06   0.00254229   0.018956   
0.0189271   0.00239605   0.0011676   -0.0121437   -0.0102109   -0.00533504   0.00118998   -0.00751661   -0.00455106   -0.00863435   0.00249783   -0.0280852   -0.0656216   -0.0132117   -0.000287142   -0.00101965   -3.15376e-05   0.00045195   0.00256322   0.00191311   0.00216359   0.0348611   0.0274197   -0.000435831   0.00232036   -0.00117018   0.000331052   0.000317733   -0.000749688   -0.00298164   0.00113236   -0.0119676   -1.8438e-05   -0.0399339   0.00046839   0.00463867   -0.00242151   0.00285983   -0.000978672   -0.000104206   1   0.000554293   0.00171149   -0.00296405   2.29657e-05   2.68375e-05   4.66165e-05   -0.000595862   0.00146564   -0.00147203   -0.0137191   0.000448096   -0.00520648   -0.000433363   -0.0003308   -0.000323697   -2.48253e-05   -0.000352311   -0.00128457   0.000846356   -0.000545993   0.00519299   5.63795e-06   0.000284805   0.0564109   
-0.0129853   -0.00572482   -0.0154197   -0.0100928   0.00517391   0.00632399   0.0172532   0.013539   0.00933249   0.00908837   -0.00715652   0.0130657   0.0371726   0.0131783   -0.000979536   -0.000154579   -9.96732e-06   -0.00130037   -0.000848436   0.000953753   -0.00514878   0.00315272   -0.00284631   0.000462543   -0.00163821   -0.000586962   -0.000824669   -0.000964507   -0.000129385   0.00223151   -6.68506e-05   0.00632017   -2.04075e-05   0.0155904   -0.00158188   -0.001355   0.0058406   -0.000398079   0.00237134   1   -0.000104206   -0.00424699   -0.000416794   0.0035286   -0.000257765   -0.000301042   0.0040728   0.00127232   0.000839731   0.000283462   0.0137328   -0.00130503   0.00777491   0.000596547   6.36313e-05   0.000292998   0.000247941   0.000294563   0.000648099   -0.000539883   0.000392225   -0.00214622   1.7391e-06   -0.000920717   -0.0416916   
0.00615757   0.00143654   0.00220311   -0.000478745   -0.000130048   -1.41625e-05   -0.00463907   -0.00497181   -0.00474066   -0.00507869   0.000602315   -0.00305837   -0.00753593   -0.00330909   0.000149768   4.45094e-05   2.68898e-05   0.000109323   0.000690605   -0.000117617   0.00169152   0.00704667   0.00570046   -0.000191919   0.000583743   -0.000212785   0.000209246   0.000400164   -2.83559e-05   -0.000517139   8.47808e-05   -0.00244009   5.90703e-06   0.000927451   0.000273949   0.000191029   -0.00195154   -3.08036e-05   1   0.00237134   -0.000978672   0.0014357   3.48987e-06   -0.00133877   9.47988e-05   0.000110679   -0.00214674   -0.000216664   -0.000468209   -0.000210019   -0.00402737   0.000242704   -0.00284918   -0.000247075   -4.72475e-05   -0.000123335   -8.48663e-05   -0.000126134   -0.000290458   0.00024151   -0.000173952   0.0010402   -4.85691e-06   0.000394988   0.00568661   
-0.00402884   0.000159593   0.00262123   0.00388245   -0.000557322   -0.00570587   -0.0114463   -0.00723286   -0.00328317   -0.00382212   -0.010289   -0.0103313   -0.0267956   -0.00808491   -0.000580221   -0.00364375   -2.83035e-05   -0.00186987   -0.000546895   -0.00116107   -0.0080741   0.000530369   0.00757495   -0.000220298   0.00312449   0.000526575   0.000413478   -0.00208533   0.000165795   -0.00357189   -0.000540817   -0.0189317   -2.6131e-05   -0.0161143   0.000741439   0.00241011   -0.000443385   1   -3.08036e-05   -0.000398079   0.00285983   0.00351384   -0.00192392   0.000231674   -0.00058815   -0.000686831   0.004379   -0.00142366   0.000673829   -0.000184145   -0.00987891   0.000557989   -0.00786233   0.00114272   -4.14077e-05   -0.000184925   -0.000155429   -0.000186167   -0.00122791   0.000348914   -0.000248181   0.00549958   5.0826e-06   -0.00260267   0.0234007   
0.0115845   0.00310621   0.00872115   0.0094022   0.00210093   -0.00776764   -0.0150732   -0.00678261   -0.00517979   -0.00408661   0.0100956   0.000707445   -0.00296698   -0.00477263   0.00100289   0.00164411   -3.78846e-05   0.0018342   0.00146817   -0.000724379   0.00625729   -0.0112657   -0.0027758   -0.000191701   -0.000490324   0.000190656   0.000407664   0.00141312   0.000113023   8.82786e-05   0.000287228   0.00506118   5.59892e-06   0.000712372   0.000818792   -0.00187316   1   -0.000443385   -0.00195154   0.0058406   -0.00242151   0.00203538   0.000146058   -0.00282008   0.000368114   0.000429918   -0.00676546   -0.000431764   -0.00150624   0.00011549   -0.00414006   0.000679621   -0.00319585   -0.000715456   2.58857e-05   -0.000105136   -0.000135678   -0.000100741   0.000150756   0.00015676   -0.000119704   -0.00117257   6.77861e-06   0.00151329   -0.00799183   
0.00802615   0.00317739   0.00961136   0.00455819   -0.00645971   -0.00620351   -0.00464348   -0.00461618   0.00156339   -0.000270316   0.00696415   -0.00920675   -0.0256443   -0.00532301   0.000600887   0.000255907   -2.45924e-06   0.00126398   0.000596651   -0.000156114   0.00370899   -0.0101803   0.00249403   -0.000165112   7.65654e-05   0.000540723   0.000551058   0.000630095   -0.000107548   -0.000415659   0.000335897   0.00058234   -8.59679e-06   -0.020852   0.00122198   1   -0.00187316   0.00241011   0.000191029   -0.001355   0.00463867   0.00127308   0.0019642   -0.00152687   0.000166382   0.000194305   0.000519747   -0.000984721   0.000948543   -0.000363586   -0.00339995   0.000977796   0.00112931   -0.000432626   -8.17436e-05   -0.00014357   -7.32645e-05   -0.000149607   -0.000339677   0.000312634   -0.000214084   0.00108203   4.08126e-07   0.000671118   0.0626176   
-0.000267321   0.000273668   -0.00131392   -0.00418156   -0.00329505   0.00245041   0.00566114   0.00100302   0.000958947   0.000438944   -0.00152927   -0.00405069   -0.00827591   -0.000298969   -0.000192603   -0.000253264   2.38577e-06   -0.000277988   -0.000214824   0.000409172   -0.000373814   0.00974965   0.0040172   -1.38001e-06   0.000281538   -0.000248495   -8.22424e-05   -0.000120983   -0.000105626   -0.00021107   5.49867e-05   -0.00175245   1.61105e-05   -0.00511385   1   0.00122198   0.000818792   0.000741439   0.000273949   -0.00158188   0.00046839   -0.00056455   0.000512372   0.000210424   -2.67841e-05   -3.12759e-05   0.00160151   0.000149622   0.000600311   -0.000191865   -0.000226899   -0.000123526   0.000684817   3.8001e-06   -4.32266e-05   -8.1327e-06   3.26827e-05   -1.24729e-05   -0.000120822   5.26893e-05   -2.87641e-05   0.000573408   -5.34034e-07   -0.000108023   0.0117837   
0.0103695   -0.0385202   -0.0809243   -0.013682   0.0593576   -0.134835   -0.0752742   0.0920403   0.0263154   -0.0072854   0.00142625   -0.000406527   -0.00663528   -0.00331504   -0.0059604   -0.0196831   -0.00126371   0.000258985   -0.0013667   -0.0358742   -0.0242698   -0.170242   -0.402972   0.00541499   0.000456751   0.00669533   -0.00339465   -0.00692344   -0.0035788   -0.00928289   0.00275605   -0.0299046   -0.000353033   1   -0.00511385   -0.020852   0.000712372   -0.0161143   0.000927451   0.0155904   -0.0399339   0.00530415   -0.014037   0.00100708   -0.00187951   -0.00219498   -0.0189617   0.0030656   -0.00210466   -0.00940522   -0.00980014   -0.00441506   -0.0183611   0.00133971   -0.00211248   -0.00219503   -0.000292401   -0.00237499   -0.0117759   0.00582974   -0.00364591   0.0506769   0.000227431   -0.0088187   -0.446207   
-0.000177775   -8.0027e-05   0.000235893   0.000275557   5.15109e-05   -0.00106294   0.000239806   0.000155762   -0.000180941   7.00823e-05   -0.000182679   0.000106954   0.000100614   7.75768e-06   8.04323e-06   -6.20648e-05   9.55207e-06   -3.3388e-05   -9.50863e-05   5.81959e-05   -8.89378e-05   -0.00210448   -0.000297953   5.98083e-06   2.47583e-05   8.23832e-06   4.5953e-06   -3.45334e-05   -1.02039e-05   -1.67039e-05   -1.53595e-05   -0.000143389   1   -0.000353033   1.61105e-05   -8.59679e-06   5.59892e-06   -2.6131e-05   5.90703e-06   -2.04075e-05   -1.8438e-05   -9.09711e-05   -4.25784e-05   2.04747e-05   -6.57044e-06   -7.67483e-06   4.5848e-05   -1.18466e-05   8.87605e-06   -2.62401e-05   3.12001e-05   1.08146e-05   -1.50745e-05   6.53997e-06   -5.93076e-06   2.94419e-07   5.95418e-06   -3.90683e-07   -1.58822e-05   2.96285e-06   -2.19869e-06   7.06588e-05   -1.77796e-06   -2.95408e-05   4.31913e-05   
-0.0555218   -0.0156516   -0.0315327   -0.00652364   0.0408407   -0.0199936   -0.0527308   -0.0241918   -0.0237046   -0.0305204   -0.0875694   -0.0212456   -0.0447472   -0.0248269   -0.0072824   -0.0249504   -0.000295965   -0.0159077   -0.00760024   -0.00419479   -0.0647418   -0.0119802   0.0367765   -0.000683055   0.017663   0.00241753   -0.000255377   -0.0153037   0.000505116   -0.0195619   -0.00391297   1   -0.000143389   -0.0299046   -0.00175245   0.00058234   0.00506118   -0.0189317   -0.00244009   0.00632017   -0.0119676   0.0138558   -0.0214623   0.00768383   -0.00420189   -0.00490699   0.0188157   -0.00328601   -0.00094758   -0.00171307   -0.0466473   -0.00162579   -0.0542811   0.00806174   -0.000384909   -0.00084467   -0.000522377   -0.000870082   -0.00769674   0.00180833   -0.0012179   0.0359806   5.32435e-05   -0.018512   -0.28812   
-0.00189352   -0.0011107   -0.00174458   0.000863883   0.000386784   0.00329428   -0.00252739   -0.00367106   0.000726197   0.000865669   -0.00343449   -0.000134776   -3.68062e-05   -0.000582362   -0.000384866   -0.00064544   3.68361e-05   -0.000624487   0.000308898   -0.00138018   -0.0021959   0.0108021   0.00360946   -7.1135e-05   0.000613747   -0.000378393   7.43765e-05   -0.000431584   0.000314903   -0.000671521   1   -0.00391297   -1.53595e-05   0.00275605   5.49867e-05   0.000335897   0.000287228   -0.000540817   8.47808e-05   -6.68506e-05   0.00113236   0.00230915   -0.000314704   0.000323174   -0.000138287   -0.000161443   0.0012628   -0.00026315   1.10208e-05   0.000403989   -0.00126224   3.66837e-05   -0.0014224   0.000385988   9.06446e-05   -3.59515e-05   -0.000124793   -2.61066e-05   -9.21553e-05   -3.23849e-05   -5.55691e-06   0.000525413   -6.6841e-06   -0.000615083   0.000776897   
-0.00451523   -0.00330529   -0.00630343   -0.00119823   0.0067402   -0.00613732   -0.0101763   -0.00602452   -0.00490477   -0.0064838   -0.0112576   -0.00605095   -0.0138906   -0.00654832   -0.00110244   -0.00447   -1.65359e-05   -0.00204584   -0.000966102   -0.00103983   -0.0108028   0.000761656   0.00655995   -0.000163484   0.00295114   6.98511e-05   1.18474e-05   -0.00262589   0.000106362   1   -0.000671521   -0.0195619   -1.67039e-05   -0.00928289   -0.00021107   -0.000415659   8.82786e-05   -0.00357189   -0.000517139   0.00223151   -0.00298164   0.00317207   -0.00395223   0.000787571   -0.000735818   -0.000859249   0.00182161   -0.000694335   -0.000369372   -0.00032213   -0.0105114   -0.000197249   -0.0102808   0.00140557   -7.24015e-05   -0.000193245   -0.000134443   -0.000197405   -0.00145404   0.000388745   -0.000271867   0.00665823   2.98497e-06   -0.00321452   -0.0341572   
0.000488313   -5.63568e-05   0.000340716   -0.00196779   0.000962568   -0.00248203   0.00113084   0.00166062   5.20574e-05   -0.000939217   0.000709212   -0.000666555   -0.00129266   0.00012685   3.8581e-06   -9.67589e-05   6.6353e-06   0.000128957   -0.000173462   0.000826182   0.000219098   -0.00713826   -0.00120278   2.4497e-05   -0.000128008   0.000213462   -6.2477e-05   3.04199e-05   1   0.000106362   0.000314903   0.000505116   -1.02039e-05   -0.0035788   -0.000105626   -0.000107548   0.000113023   0.000165795   -2.83559e-05   -0.000129385   -0.000749688   -0.0011697   -2.21216e-05   -2.8042e-05   1.39502e-05   1.62752e-05   -0.000331646   0.000134435   7.76617e-05   -0.000370769   9.15258e-05   -8.43608e-05   0.000295756   -0.000125488   -8.33234e-05   -1.21898e-05   6.68435e-05   -2.05212e-05   -0.000140419   9.57118e-05   -5.11481e-05   0.000573703   -1.23255e-06   9.93265e-05   -0.0036541   
-0.00684403   -0.00342349   -0.00725347   -0.000877703   0.00579434   -0.00501056   -0.00748682   -0.00166114   -0.000777269   -0.00253226   -0.0121132   -0.00275168   -0.00555874   -0.00201636   -0.00104527   -0.00392824   -6.11511e-05   -0.00220144   -0.000738812   -0.000504867   -0.0107244   -0.00226608   0.00829101   -3.28006e-05   0.00215762   0.000251076   4.20922e-06   1   3.04199e-05   -0.00262589   -0.000431584   -0.0153037   -3.45334e-05   -0.00692344   -0.000120983   0.000630095   0.00141312   -0.00208533   0.000400164   -0.000964507   0.000317733   0.00158966   -0.00278172   0.00133065   -0.000733723   -0.000856807   0.00410268   -0.000773145   0.00063011   -0.000191763   -0.00407233   -0.000149821   -0.00552431   0.00143544   -4.31909e-05   -7.78651e-05   -4.09034e-05   -8.10328e-05   -0.0010801   0.000180728   -0.000115649   0.00513555   1.09588e-05   -0.00312687   -0.0166133   
-0.000202694   8.09776e-05   -8.38441e-05   -0.00112319   -0.00220038   5.29768e-05   0.00323348   0.00116914   0.000834113   0.000411606   -0.000584275   -0.00160179   -0.00352964   0.000124103   -2.67611e-05   2.80521e-05   2.45544e-06   -0.000106026   -5.34624e-05   0.000207303   0.000121417   0.00237096   0.000512935   2.70776e-05   5.93183e-05   -6.92858e-05   1   4.20922e-06   -6.2477e-05   1.18474e-05   7.43765e-05   -0.000255377   4.5953e-06   -0.00339465   -8.22424e-05   0.000551058   0.000407664   0.000413478   0.000209246   -0.000824669   0.000331052   -0.000518064   0.000329856   0.000103305   3.38232e-06   4.00975e-06   0.00076304   9.98844e-05   0.000317035   -7.53406e-05   0.000530272   -5.86188e-05   0.000696857   -2.66872e-05   -1.69715e-05   1.10508e-05   2.78169e-05   9.09634e-06   1.0384e-05   -3.03406e-06   6.39674e-06   -2.97237e-05   -4.62858e-07   3.12469e-05   0.00444689   
0.0019707   0.00234533   0.00634243   -0.011946   0.00481792   -0.00610219   0.00502962   0.000822171   0.00040441   0.000875828   0.0025944   -0.0028459   -0.00514337   -0.00026788   -0.000134281   0.000945828   4.85539e-05   0.000471367   -0.000155245   0.000229563   0.00103272   0.0133268   0.00136842   7.5468e-05   -0.000320274   1   -6.92858e-05   0.000251076   0.000213462   6.98511e-05   -0.000378393   0.00241753   8.23832e-06   0.00669533   -0.000248495   0.000540723   0.000190656   0.000526575   -0.000212785   -0.000586962   -0.00117018   -0.000515433   0.000737   -0.000228416   7.72448e-05   9.02793e-05   0.00010374   0.00032788   0.000126776   0.00053377   -0.00106064   -0.000187673   0.000672864   -1.64645e-05   0.000119925   0.000132668   2.50546e-05   0.000142724   0.000638243   -0.000339781   0.00021701   -0.00260484   -8.77429e-06   0.000340803   0.00167373   
0.00934932   0.00180592   0.003145   -0.000123952   -0.00525412   0.00191251   0.00766351   0.00335468   0.00511748   0.00516289   0.0136363   0.00279494   0.00619562   0.00421031   0.000957813   0.00336042   3.16014e-05   0.0024764   0.00125445   0.000405416   0.0091899   -0.00139381   -0.00257142   0.000109507   1   -0.000320274   5.93183e-05   0.00215762   -0.000128008   0.00295114   0.000613747   0.017663   2.47583e-05   0.000456751   0.000281538   7.65654e-05   -0.000490324   0.00312449   0.000583743   -0.00163821   0.00232036   -0.00175466   0.00341886   -0.00111427   0.000586664   0.000685142   -0.0024697   0.000408953   0.000451387   0.000110133   0.0079712   0.000250886   0.00897878   -0.0011596   2.46999e-05   8.24284e-05   6.32824e-05   8.3604e-05   0.000937339   -0.000165469   0.000113387   -0.00446182   -5.74981e-06   0.00259259   0.0336083   
0.000165956   0.000616334   -1.54676e-05   0.000110408   0.000418819   0.000611447   -0.000199425   -0.00253435   -9.29626e-05   -0.000445004   -8.03554e-05   -0.000120747   -0.000197441   -0.00048363   -6.76512e-05   -0.000106738   3.83652e-06   -1.46094e-05   -2.40659e-05   0.000427352   -0.000212373   -0.00211263   0.00763862   1   0.000109507   7.5468e-05   2.70776e-05   -3.28006e-05   2.4497e-05   -0.000163484   -7.1135e-05   -0.000683055   5.98083e-06   0.00541499   -1.38001e-06   -0.000165112   -0.000191701   -0.000220298   -0.000191919   0.000462543   -0.000435831   0.000321103   -0.000188094   -6.86728e-05   -9.29356e-06   -1.0856e-05   -0.000311052   -1.99593e-05   -0.00014857   4.28753e-06   -0.000673711   4.09369e-06   -0.000734842   1.99631e-05   9.55557e-07   -1.54397e-05   -1.72132e-05   -1.50769e-05   -5.25505e-05   2.37355e-05   -1.88254e-05   0.000232918   -7.03554e-07   -5.18383e-05   -0.00303208   
-0.00610215   0.0769516   0.0472965   0.0429539   -0.0187164   -0.0153825   -0.112347   0.158102   -0.0357827   -0.0476057   0.0217681   0.00708031   -0.0132398   -0.00280918   0.00659814   0.0146582   0.00191522   0.00395526   0.00778442   -0.0351438   0.0366537   0.213417   1   0.00763862   -0.00257142   0.00136842   0.000512935   0.00829101   -0.00120278   0.00655995   0.00360946   0.0367765   -0.000297953   -0.402972   0.0040172   0.00249403   -0.0027758   0.00757495   0.00570046   -0.00284631   0.0274197   -0.0156798   0.00835695   -0.00182191   0.00201775   0.00235644   -0.00112249   -0.00127506   -0.000331344   0.000709617   0.000718977   0.00302042   0.0173043   -0.00390148   0.000159153   0.000885298   0.000781027   0.00088683   0.00598131   -0.00199504   0.00117106   -0.0277157   -0.000344812   0.0108715   0.145093   
-0.00452477   0.00316554   -0.0198968   0.144205   0.000553041   -0.398227   0.143152   -0.0301437   0.00963379   -0.0266762   0.0088423   0.0383534   0.0333444   0.000584392   0.00218377   -0.0192871   -0.000232454   0.00160612   0.00467929   0.00742897   -0.0107947   1   0.213417   -0.00211263   -0.00139381   0.0133268   0.00237096   -0.00226608   -0.00713826   0.000761656   0.0108021   -0.0119802   -0.00210448   -0.170242   0.00974965   -0.0101803   -0.0112657   0.000530369   0.00704667   0.00315272   0.0348611   0.00488234   -0.00559192   -0.00321402   -0.000934514   -0.00109121   -0.0106101   -0.00991479   0.00361176   -0.0158056   0.0220019   0.00687497   0.0125011   -0.00225685   -0.00355143   -0.00341866   -0.000205406   -0.00372559   -0.0154643   0.00897191   -0.00579071   0.0625722   4.18611e-05   -0.00318619   0.263145   
-0.0292563   -0.0143721   -0.0320129   -0.00547056   0.0228645   -0.0180635   -0.0259709   -0.00795118   -0.00414601   -0.0125528   -0.0516724   -0.0126402   -0.0249046   -0.00853036   -0.00448954   -0.0163461   -0.000177658   -0.00939067   -0.00447027   -0.00181083   1   -0.0107947   0.0366537   -0.000212373   0.0091899   0.00103272   0.000121417   -0.0107244   0.000219098   -0.0108028   -0.0021959   -0.0647418   -8.89378e-05   -0.0242698   -0.000373814   0.00370899   0.00625729   -0.0080741   0.00169152   -0.00514878   0.00216359   0.00674787   -0.0110882   0.00576495   -0.00298559   -0.00348669   0.0182758   -0.00318691   0.00276128   -0.000805159   -0.0174639   -0.00053087   -0.0224627   0.00583494   -0.00018095   -0.0003334   -0.000178427   -0.000346412   -0.00448882   0.000753152   -0.000493315   0.0213808   3.19121e-05   -0.0128402   -0.0447626   
-0.00116432   -0.00198169   0.0017271   0.00628516   0.000238919   0.00225801   -0.0119777   -0.0041688   0.00163509   0.00346444   -0.00251532   0.00284838   0.00490474   -0.000207236   9.2708e-05   -0.00218248   -4.91398e-05   -0.000457214   -8.14226e-05   1   -0.00181083   0.00742897   -0.0351438   0.000427352   0.000405416   0.000229563   0.000207303   -0.000504867   0.000826182   -0.00103983   -0.00138018   -0.00419479   5.81959e-05   -0.0358742   0.000409172   -0.000156114   -0.000724379   -0.00116107   -0.000117617   0.000953753   0.00191311   0.00893777   7.21712e-05   -8.45265e-05   -0.000139239   -0.00016262   0.000794435   -0.000568379   -9.7813e-05   0.000407543   0.000334528   0.000313545   -0.000932719   0.000389009   9.14896e-05   -0.000407616   -0.000517453   -0.000391411   -0.00123506   0.000596736   -0.000467911   0.00499813   8.8221e-06   -0.0010474   -0.000528226   
-0.00464079   -0.0018497   -0.00172419   -0.00362051   0.00274866   -0.000292167   -0.00059689   -0.000512463   -0.00117947   -0.000525378   -0.00751665   -0.0023232   -0.00410379   -0.000834539   -0.000581353   -0.00112543   1.95943e-06   -0.00136599   1   -8.14226e-05   -0.00447027   0.00467929   0.00778442   -2.40659e-05   0.00125445   -0.000155245   -5.34624e-05   -0.000738812   -0.000173462   -0.000966102   0.000308898   -0.00760024   -9.50863e-05   -0.0013667   -0.000214824   0.000596651   0.00146817   -0.000546895   0.000690605   -0.000848436   0.00256322   0.00051703   -0.000839024   0.000964709   -0.000280008   -0.000326928   0.0025085   -0.000285506   0.000300052   -0.000164082   -0.00227527   -0.000188254   -0.00233304   0.000524138   -3.69188e-05   -4.40062e-05   -1.11319e-05   -4.71043e-05   -0.000368642   0.000106301   -7.0743e-05   0.00174391   -3.53554e-07   -0.000942185   -0.00737507   
-0.0127338   -0.0015886   -0.00261538   -8.50775e-05   0.00238553   0.000611399   -0.0032032   -0.000606023   -0.0012714   -0.00174525   -0.0162393   -0.00117928   -0.00179515   -0.000661098   -0.000976141   -0.00319148   -1.58239e-05   1   -0.00136599   -0.000457214   -0.00939067   0.00160612   0.00395526   -1.46094e-05   0.0024764   0.000471367   -0.000106026   -0.00220144   0.000128957   -0.00204584   -0.000624487   -0.0159077   -3.3388e-05   0.000258985   -0.000277988   0.00126398   0.0018342   -0.00186987   0.000109323   -0.00130037   0.00045195   0.00107209   -0.00230957   0.00168556   -0.000597196   -0.000697272   0.00513785   -0.000397373   0.000501198   -1.46088e-05   -0.00284256   -0.000256078   -0.00525095   0.00120588   -3.36919e-06   -2.60755e-05   -2.44137e-05   -2.61337e-05   -0.000751772   4.92946e-05   -3.40933e-05   0.00372762   2.94952e-06   -0.00260403   -0.0179116   
2.24877e-05   0.000216797   -0.0011132   0.000345789   6.47491e-05   1.69571e-05   -0.000401909   5.00234e-05   -0.00012048   -4.93365e-05   -8.79501e-05   -0.000140466   -0.000296181   -9.35093e-05   -2.88959e-05   -4.7371e-05   1   -1.58239e-05   1.95943e-06   -4.91398e-05   -0.000177658   -0.000232454   0.00191522   3.83652e-06   3.16014e-05   4.85539e-05   2.45544e-06   -6.11511e-05   6.6353e-06   -1.65359e-05   3.68361e-05   -0.000295965   9.55207e-06   -0.00126371   2.38577e-06   -2.45924e-06   -3.78846e-05   -2.83035e-05   2.68898e-05   -9.96732e-06   -3.15376e-05   3.90944e-05   -6.71401e-05   2.78324e-06   -1.20851e-05   -1.40652e-05   2.32946e-05   -1.82382e-05   1.04651e-05   1.20834e-05   -0.000148875   -5.52953e-07   -0.00018862   2.75701e-05   2.60854e-06   1.15712e-06   -1.39163e-06   1.41188e-06   -3.56046e-05   1.09261e-05   2.65357e-06   0.000172429   1.37126e-05   -9.68758e-05   -0.000389966   
-0.00906705   -0.0046143   -0.00803099   -0.00412179   0.0122282   -0.0102338   -0.0139808   -0.00668674   -0.000759436   -0.00544322   -0.0175612   -0.0049602   -0.0100631   -0.00406873   -0.00166886   1   -4.7371e-05   -0.00319148   -0.00112543   -0.00218248   -0.0163461   -0.0192871   0.0146582   -0.000106738   0.00336042   0.000945828   2.80521e-05   -0.00392824   -9.67589e-05   -0.00447   -0.00064544   -0.0249504   -6.20648e-05   -0.0196831   -0.000253264   0.000255907   0.00164411   -0.00364375   4.45094e-05   -0.000154579   -0.00101965   0.00467412   -0.00442251   0.0016974   -0.00110983   -0.00129611   0.00485776   -0.0011237   0.000678362   -0.00100715   -0.00756978   -0.000271964   -0.0096095   0.00198338   -0.000226256   -0.000390601   -0.000195345   -0.00040735   -0.00263664   0.000862604   -0.000584108   0.0118231   8.47601e-06   -0.00482019   -0.0386992   
-0.00253003   -0.00255278   -0.00693313   -0.00309067   0.00337661   -0.000395079   -0.00182141   -0.00160057   0.00129825   -0.00101333   -0.00537163   -0.00280403   -0.00494315   -0.000898616   1   -0.00166886   -2.88959e-05   -0.000976141   -0.000581353   9.2708e-05   -0.00448954   0.00218377   0.00659814   -6.76512e-05   0.000957813   -0.000134281   -2.67611e-05   -0.00104527   3.8581e-06   -0.00110244   -0.000384866   -0.0072824   8.04323e-06   -0.0059604   -0.000192603   0.000600887   0.00100289   -0.000580221   0.000149768   -0.000979536   -0.000287142   0.000667723   -0.000866813   0.00066958   -0.000284337   -0.000332035   0.00203578   -0.000157108   0.000384105   -0.000146681   -0.00196407   -0.000181232   -0.00228331   0.000537548   -3.30036e-05   -4.71276e-05   -1.81435e-05   -4.97632e-05   -0.00050744   0.000114124   -7.29089e-05   0.00252196   5.2214e-06   -0.00125047   -0.00641236   
0.00378441   -0.00268024   -0.00525603   0.000946542   0.0165587   -0.0118397   -0.0252653   -0.0141905   -0.0202704   -0.0186337   -0.00363747   -0.00921581   -0.0236527   1   -0.000898616   -0.00406873   -9.35093e-05   -0.000661098   -0.000834539   -0.000207236   -0.00853036   0.000584392   -0.00280918   -0.00048363   0.00421031   -0.00026788   0.000124103   -0.00201636   0.00012685   -0.00654832   -0.000582362   -0.0248269   7.75768e-06   -0.00331504   -0.000298969   -0.00532301   -0.00477263   -0.00808491   -0.00330909   0.0131783   -0.0132117   0.00445611   -0.00781506   -0.00111104   -0.000554079   -0.000647111   -0.00794509   -0.000461812   -0.00419135   -0.000485737   -0.0282206   -0.000232293   -0.023736   0.000994897   -0.000109179   -0.000304913   -0.000217079   -0.000311037   -0.0016762   0.000622499   -0.000426791   0.00739825   1.67784e-05   -0.00258421   -0.0955431   
0.00860402   -0.0234289   -0.0639437   -0.0494866   0.054107   -0.0364383   -0.00101394   -0.00170784   -0.0335033   -0.0373294   -0.00987847   -0.00544015   1   -0.0236527   -0.00494315   -0.0100631   -0.000296181   -0.00179515   -0.00410379   0.00490474   -0.0249046   0.0333444   -0.0132398   -0.000197441   0.00619562   -0.00514337   -0.00352964   -0.00555874   -0.00129266   -0.0138906   -3.68062e-05   -0.0447472   0.000100614   -0.00663528   -0.00827591   -0.0256443   -0.00296698   -0.0267956   -0.00753593   0.0371726   -0.0656216   -0.00332668   -0.0243138   0.00143027   -0.00146907   -0.00171565   -0.0300232   0.00618926   -0.0127525   -0.0030799   -0.0528644   -0.00642573   -0.0528887   0.00216762   -0.000691928   -0.000430108   0.000208853   -0.000493898   -0.00398855   0.00141029   -0.000834582   0.0186424   5.32483e-05   -0.00640821   -0.547858   
0.00333912   -0.0110047   -0.0382328   -0.0327313   0.0232492   -0.00225086   0.00921482   9.92446e-05   -0.0163862   -0.0192007   -0.00648961   1   -0.00544015   -0.00921581   -0.00280403   -0.0049602   -0.000140466   -0.00117928   -0.0023232   0.00284838   -0.0126402   0.0383534   0.00708031   -0.000120747   0.00279494   -0.0028459   -0.00160179   -0.00275168   -0.000666555   -0.00605095   -0.000134776   -0.0212456   0.000106954   -0.000406527   -0.00405069   -0.00920675   0.000707445   -0.0103313   -0.00305837   0.0130657   -0.0280852   -0.00191007   -0.00978946   0.00128444   -0.000716797   -0.000837057   -0.0103704   0.00300564   -0.00462662   -0.00156905   -0.0230946   -0.00315608   -0.0214627   0.00104011   -0.00035255   -0.00020017   0.000126364   -0.000232977   -0.00195303   0.000684941   -0.000401516   0.0092436   2.52476e-05   -0.00314145   -0.214819   
-0.0700801   -0.00874296   -0.0143956   -0.000472254   0.0131212   0.00335496   -0.017632   -0.00333596   -0.00699747   -0.0096051   1   -0.00648961   -0.00987847   -0.00363747   -0.00537163   -0.0175612   -8.79501e-05   -0.0162393   -0.00751665   -0.00251532   -0.0516724   0.0088423   0.0217681   -8.03554e-05   0.0136363   0.0025944   -0.000584275   -0.0121132   0.000709212   -0.0112576   -0.00343449   -0.0875694   -0.000182679   0.00142625   -0.00152927   0.00696415   0.0100956   -0.010289   0.000602315   -0.00715652   0.00249783   0.00589924   -0.0127074   0.00927759   -0.00328557   -0.00383696   0.0282818   -0.00218563   0.00275729   -8.02505e-05   -0.0156411   -0.00141013   -0.0289034   0.00663491   -1.81004e-05   -0.000143457   -0.000133986   -0.000142894   -0.00413784   0.000270956   -0.00018632   0.0205121   1.58136e-05   -0.0143282   -0.0985622   
0.00365549   0.000163452   0.00773281   -9.71361e-05   -0.00801846   0.0198957   0.0140088   -0.00737374   0.00721152   1   -0.0096051   -0.0192007   -0.0373294   -0.0186337   -0.00101333   -0.00544322   -4.93365e-05   -0.00174525   -0.000525378   0.00346444   -0.0125528   -0.0266762   -0.0476057   -0.000445004   0.00516289   0.000875828   0.000411606   -0.00253226   -0.000939217   -0.0064838   0.000865669   -0.0305204   7.00823e-05   -0.0072854   0.000438944   -0.000270316   -0.00408661   -0.00382212   -0.00507869   0.00908837   -0.00863435   0.000316088   -0.00756456   -0.00152513   -0.000729669   -0.000852112   -0.00413321   -0.00135876   -0.00202741   -0.00211814   -0.0332295   0.000414809   -0.0217152   0.000922113   -0.000475883   -0.000389584   4.47297e-05   -0.000431867   -0.00255227   0.001093   -0.000690682   0.0111053   8.92277e-06   -0.0029822   0.0550552   
0.00272428   -0.000493415   0.00307952   0.00779388   -0.000424843   -0.000987531   0.0139789   -0.000522965   1   0.00721152   -0.00699747   -0.0163862   -0.0335033   -0.0202704   0.00129825   -0.000759436   -0.00012048   -0.0012714   -0.00117947   0.00163509   -0.00414601   0.00963379   -0.0357827   -9.29626e-05   0.00511748   0.00040441   0.000834113   -0.000777269   5.20574e-05   -0.00490477   0.000726197   -0.0237046   -0.000180941   0.0263154   0.000958947   0.00156339   -0.00517979   -0.00328317   -0.00474066   0.00933249   -0.00455106   -0.000218163   -0.00594867   -0.00148605   -0.000183829   -0.000214679   -0.00297344   -0.00123392   -0.00346553   0.000111604   -0.0394747   0.000805892   -0.0217067   0.000401726   2.51097e-05   7.46059e-05   5.46334e-05   7.58974e-05   -2.96483e-05   -0.0001217   0.000103685   -3.63143e-05   2.17151e-05   -0.00088512   0.0331595   
0.00488432   0.0135777   0.00338882   0.00971831   0.0148683   0.0121788   -0.0350718   1   -0.000522965   -0.00737374   -0.00333596   9.92446e-05   -0.00170784   -0.0141905   -0.00160057   -0.00668674   5.00234e-05   -0.000606023   -0.000512463   -0.0041688   -0.00795118   -0.0301437   0.158102   -0.00253435   0.00335468   0.000822171   0.00116914   -0.00166114   0.00166062   -0.00602452   -0.00367106   -0.0241918   0.000155762   0.0920403   0.00100302   -0.00461618   -0.00678261   -0.00723286   -0.00497181   0.013539   -0.00751661   0.0221167   -0.00477941   -0.00241208   -0.000472434   -0.000551711   -0.0076534   -0.00179851   -0.00384781   0.00020843   -0.0187203   0.000865287   -0.020527   0.00101196   4.68903e-05   -0.00113053   -0.00123703   -0.00110684   -0.0037254   0.00180934   -0.00138718   0.0156286   -9.03543e-06   -0.00298782   -0.0566927   
0.00677095   -0.00569619   0.010981   0.0443129   0.0278695   0.0100082   1   -0.0350718   0.0139789   0.0140088   -0.017632   0.00921482   -0.00101394   -0.0252653   -0.00182141   -0.0139808   -0.000401909   -0.0032032   -0.00059689   -0.0119777   -0.0259709   0.143152   -0.112347   -0.000199425   0.00766351   0.00502962   0.00323348   -0.00748682   0.00113084   -0.0101763   -0.00252739   -0.0527308   0.000239806   -0.0752742   0.00566114   -0.00464348   -0.0150732   -0.0114463   -0.00463907   0.0172532   0.00118998   0.0196721   -0.0128488   -0.00515118   -0.00209919   -0.00245148   -0.00680609   -0.00819584   -0.00311788   -0.000383497   -0.0285476   0.00425183   -0.0373225   0.00415157   -8.62392e-05   -0.000944775   -0.000913615   -0.000937765   -0.00523891   0.00171869   -0.00121338   0.0230437   7.24086e-05   -0.00974278   0.058028   
0.00630838   0.010754   0.0468553   0.000261351   0.0705614   1   0.0100082   0.0121788   -0.000987531   0.0198957   0.00335496   -0.00225086   -0.0364383   -0.0118397   -0.000395079   -0.0102338   1.69571e-05   0.000611399   -0.000292167   0.00225801   -0.0180635   -0.398227   -0.0153825   0.000611447   0.00191251   -0.00610219   5.29768e-05   -0.00501056   -0.00248203   -0.00613732   0.00329428   -0.0199936   -0.00106294   -0.134835   0.00245041   -0.00620351   -0.00776764   -0.00570587   -1.41625e-05   0.00632399   -0.00533504   -0.00461683   -0.00731811   -0.00360682   -0.00149077   -0.00174101   -0.00602406   -0.00372853   0.00156615   -0.00468003   -0.00863888   0.00148559   -0.0112259   0.00179128   -0.00105143   -0.000609072   0.000364226   -0.000706748   -0.00467309   0.00197433   -0.00121266   0.0200157   -3.04648e-06   -0.00566704   -0.11819   
-0.00338887   -0.00526421   -0.00212127   0.0444723   1   0.0705614   0.0278695   0.0148683   -0.000424843   -0.00801846   0.0131212   0.0232492   0.054107   0.0165587   0.00337661   0.0122282   6.47491e-05   0.00238553   0.00274866   0.000238919   0.0228645   0.000553041   -0.0187164   0.000418819   -0.00525412   0.00481792   -0.00220038   0.00579434   0.000962568   0.0067402   0.000386784   0.0408407   5.15109e-05   0.0593576   -0.00329505   -0.00645971   0.00210093   -0.000557322   -0.000130048   0.00517391   -0.0102109   -0.00683215   0.00374143   0.00109699   0.0015877   0.00185415   -0.00783587   0.00518408   -0.00309893   0.00335707   0.0237417   -0.00223866   0.0139227   -0.00233516   0.000754285   0.000877596   0.000203321   0.000940235   0.00536343   -0.00215845   0.00141849   -0.0237494   -1.17357e-05   0.00699328   -0.213031   
0.00187787   0.00472817   0.0117276   1   0.0444723   0.000261351   0.0443129   0.00971831   0.00779388   -9.71361e-05   -0.000472254   -0.0327313   -0.0494866   0.000946542   -0.00309067   -0.00412179   0.000345789   -8.50775e-05   -0.00362051   0.00628516   -0.00547056   0.144205   0.0429539   0.000110408   -0.000123952   -0.011946   -0.00112319   -0.000877703   -0.00196779   -0.00119823   0.000863883   -0.00652364   0.000275557   -0.013682   -0.00418156   0.00455819   0.0094022   0.00388245   -0.000478745   -0.0100928   -0.0121437   -0.00667761   0.00268986   0.0025494   -0.000142667   -0.00016658   0.00564969   0.00372812   0.00268947   -0.00403027   -0.00839689   -0.00328944   0.00277559   -0.000769231   -0.00090556   -0.000437184   0.000405806   -0.000522708   -0.00271753   0.00148909   -0.000935605   0.0121052   -6.22564e-05   -0.00047673   0.00629797   
0.00628517   0.00994723   1   0.0117276   -0.00212127   0.0468553   0.010981   0.00338882   0.00307952   0.00773281   -0.0143956   -0.0382328   -0.0639437   -0.00525603   -0.00693313   -0.00803099   -0.0011132   -0.00261538   -0.00172419   0.0017271   -0.0320129   -0.0198968   0.0472965   -1.54676e-05   0.003145   0.00634243   -8.38441e-05   -0.00725347   0.000340716   -0.00630343   -0.00174458   -0.0315327   0.000235893   -0.0809243   -0.00131392   0.00961136   0.00872115   0.00262123   0.00220311   -0.0154197   0.0011676   0.000236982   -0.00201418   0.00306442   -0.00200953   -0.00234681   0.0160801   -0.00137464   0.00626729   0.000980482   -0.0068254   -0.00146462   -0.00553284   0.00432818   0.000220256   0.000342527   0.000150356   0.000359375   -0.00120273   -0.000542268   0.000521616   0.00818695   0.000200458   -0.00881143   0.0838767   
0.00329069   1   0.00994723   0.00472817   -0.00526421   0.010754   -0.00569619   0.0135777   -0.000493415   0.000163452   -0.00874296   -0.0110047   -0.0234289   -0.00268024   -0.00255278   -0.0046143   0.000216797   -0.0015886   -0.0018497   -0.00198169   -0.0143721   0.00316554   0.0769516   0.000616334   0.00180592   0.00234533   8.09776e-05   -0.00342349   -5.63568e-05   -0.00330529   -0.0011107   -0.0156516   -8.0027e-05   -0.0385202   0.000273668   0.00317739   0.00310621   0.000159593   0.00143654   -0.00572482   0.00239605   -0.000703822   -0.00176688   0.00159289   -0.000957898   -0.00111869   0.00720834   -0.00128789   0.00269671   -0.000148374   -0.00815934   0.000111996   -0.00194168   0.00190156   -3.3358e-05   7.54478e-05   0.000111477   7.07386e-05   -0.000784907   -0.000137378   7.95289e-05   0.00449577   -3.90113e-05   -0.00386011   0.0416625   
1   0.00329069   0.00628517   0.00187787   -0.00338887   0.00630838   0.00677095   0.00488432   0.00272428   0.00365549   -0.0700801   0.00333912   0.00860402   0.00378441   -0.00253003   -0.00906705   2.24877e-05   -0.0127338   -0.00464079   -0.00116432   -0.0292563   -0.00452477   -0.00610215   0.000165956   0.00934932   0.0019707   -0.000202694   -0.00684403   0.000488313   -0.00451523   -0.00189352   -0.0555218   -0.000177775   0.0103695   -0.000267321   0.00802615   0.0115845   -0.00402884   0.00615757   -0.0129853   0.0189271   0.00139147   -0.00578542   0.00982717   -0.00184903   -0.00215938   0.0277865   -0.0017045   0.00275994   0.00042636   -0.00085856   -0.0003764   -0.00908009   0.00385768   9.57914e-05   0.000124699   3.97868e-05   0.000132427   -0.00157313   -0.000298776   0.000196613   0.00836596   -4.03999e-06   -0.00796553   0.0269391   


NLL
-261.698

