NUISANCE_PARAMETERS
SigXsecOverSM  0.049942 +0.0945233 -0.0965331
BTag_C_NP1  -0.059782 +0.994706 -0.994706
BTag_C_NP3  0.0101965 +0.993417 -0.993417
BTag_C_NP4  0.00714242 +0.993379 -0.993379
BTag_C_NP5  -0.000335257 +0.993348 -0.993348
BTag_Light_NP1  0.0282925 +0.993347 -0.993347
BTag_Light_NP2  0.000485474 +0.993336 -0.993336
EG_Resolution  -0.0188281 +0.990862 -0.990862
EG_Scale  -0.0332821 +0.978235 -0.978235
EGamFake  -0.0505479 +0.983608 -0.983608
JET+EtaIntercalibration_NonClosure_posEta  -0.00455712 +0.993367 -0.993367
JET_BJES_Response  0.00760213 +0.991486 -0.991486
JET_EffectiveNP_Detector1  0.00477394 +0.993369 -0.993369
JET_EffectiveNP_Mixed1  0.00482737 +0.993369 -0.993369
JET_EffectiveNP_Mixed2  0.00194331 +0.992757 -0.992757
JET_EffectiveNP_Mixed3  0.00474399 +0.993369 -0.993369
JET_EffectiveNP_Modelling1  0.00327817 +0.989487 -0.989487
JET_EffectiveNP_Modelling2  -0.00470844 +0.99337 -0.99337
JET_EffectiveNP_Modelling3  0.00278367 +0.991324 -0.991324
JET_EffectiveNP_Modelling4  0.00521523 +0.993369 -0.993369
JET_EffectiveNP_Statiscal3  0.00328252 +0.991324 -0.991324
JET_EffectiveNP_Statistical1  0.00477972 +0.993369 -0.993369
JET_EffectiveNP_Statistical2  -0.0047313 +0.993369 -0.993369
JET_EffectiveNP_Statistical4  -0.00474771 +0.993369 -0.993369
JET_EffectiveNP_Statistical5  -0.0052143 +0.993369 -0.993369
JET_EffectiveNP_Statistical6  0.00521469 +0.993369 -0.993369
JET_EtaIntercalibration_Modeling1  0.0447867 +0.99202 -0.99202
JET_EtaIntercalibration_TotalStat  0.00768871 +0.992806 -0.992806
JET_Flavor_Composition  0.0570173 +0.992949 -0.992949
JET_Flavor_Response  -0.0230029 +0.992298 -0.992298
JET_Pileup_OffsetMu  0.0332196 +0.990498 -0.990498
JET_Pileup_OffsetNPV  0.056954 +0.991455 -0.991455
JET_Pileup_PtTerm  0.0149848 +0.992947 -0.992947
JET_Pileup_RhoTopology  0.0208367 +0.990346 -0.990346
JGamFake  -0.347694 +0.859553 -0.859553
JVT  -0.00413816 +0.986785 -0.986785
Lumi  -0.096946 +0.992539 -0.992539
MET_SoftTrk_ResoPara  0.00359558 +0.994665 -0.994665
MET_SoftTrk_ResoPerp  -0.0126866 +0.994492 -0.994492
MET_SoftTrk_Scale  0.00261241 +0.99282 -0.99282
NNPDFUncertainty  -0.0283453 +0.985007 -0.985007
PDF4  0.00503859 +0.993281 -0.993281
PhotonSF_effIso  0 +0.99345 -0.99345
Pileup  0.231909 +0.677546 -0.677546
ScalemurmufWgam  -0.0490537 +0.978333 -0.978333
ScalemurmufZJets  -0.0184493 +0.973757 -0.973757
ScalemurmufZgam  -9.98619e-05 +0.994035 -0.994035
Scalemurmufttgam  -0.0243197 +1.03681 -1.03681
VVXsec  -0.00168171 +0.993389 -0.993389
VjetXsec  -0.0444304 +0.993855 -0.993855
stXsec  -0.0200575 +0.993673 -0.993673
ttXsec  0.00720837 +0.992812 -0.992812
tt_Generator  0.0160983 +0.959143 -0.959143
tt_Rad_HiLow  0.0566692 +0.884695 -0.884695
ttgamXsec  -0.0454674 +0.987114 -0.987114
gamma_stat_SR_ph_pt_bin_0  1.02535 +0.0710663 -0.0710663
gamma_stat_SR_ph_pt_bin_1  0.972931 +0.0612654 -0.0612654
gamma_stat_SR_ph_pt_bin_2  0.988533 +0.067812 -0.067812
gamma_stat_SR_ph_pt_bin_3  1.03759 +0.0664519 -0.0664519
gamma_stat_SR_ph_pt_bin_4  0.976384 +0.0753618 -0.0753618
gamma_stat_SR_ph_pt_bin_5  1.00007 +0.0725046 -0.0725046
gamma_stat_SR_ph_pt_bin_6  1.01118 +0.0950327 -0.0950327
gamma_stat_SR_ph_pt_bin_7  1.00681 +0.109324 -0.109324
gamma_stat_SR_ph_pt_bin_8  0.863185 +0.158435 -0.158435
gamma_stat_SR_ph_pt_bin_9  0.998309 +0.0905318 -0.0905318


CORRELATION_MATRIX
65   65
-0.0305538   0.0424479   -0.0325848   -0.0642774   -0.0814717   -0.0671415   -0.185393   -0.0976467   0.0912297   -0.068756   -0.167895   -0.132346   -0.721821   -0.116623   -0.0204078   -0.0711502   -0.0012687   -0.0496998   -0.0168225   -0.0259716   -0.15643   0.00190532   -5.03312e-08   0.0484205   -0.0176451   0.0244429   0.032802   0.0470322   -0.333156   -0.00037172   -0.138376   -0.0217721   0.0268456   0.00141589   0.040143   0.0209536   -0.0542098   0.0210488   0.0369141   0.00529487   -0.0052943   -0.00494342   -0.00492737   0.00496707   0.00387942   0.00529537   0.00350171   -0.00491317   -0.0585274   0.00494014   -0.0216688   0.00521722   0.0049612   -8.4834e-05   -0.00329284   -0.183112   -0.155919   0.0302653   -0.0109358   0.077234   -0.000252709   0.00153484   0.00203189   -0.0508994   1   
-0.00586807   -0.0090142   0.00195107   0.00190684   -0.00637985   0.00222961   0.0109645   -0.00899039   -0.011506   0.0109363   -0.00140711   0.0032126   0.00460836   0.00069442   0.000109371   -0.00408577   -0.000105047   -0.000416472   -3.33122e-05   6.38147e-05   -0.00422711   -0.00434808   2.9158e-08   5.63646e-05   -0.0043312   0.000113324   -0.00153286   -0.000920737   -0.0043082   -0.000328143   -0.017952   0.000940243   0.000930505   0.00335859   0.00193639   -0.001129   0.00231561   0.000996827   0.00277808   -2.83349e-05   2.84143e-05   5.77868e-05   5.78714e-05   -5.55792e-05   -0.000116945   -2.82713e-05   -0.00014842   6.01166e-05   0.000117245   -5.7725e-05   0.000375247   -5.88057e-05   -5.54649e-05   0.000819269   -0.000207508   0.00104657   -0.00224756   -0.000487781   -0.00010543   0.00286926   -2.09222e-05   0.000632355   0.000910547   1   -0.0508994   
0.000862324   0.00131561   -0.000465274   0.00018863   0.000958602   -0.000472702   -0.0013271   0.000801674   0.00115989   -0.00091691   0.000235836   -0.000566169   -0.000602375   -8.75371e-05   -9.83061e-07   0.000646552   -2.1889e-05   6.99133e-05   -2.72603e-06   -7.38004e-05   0.000331214   0.000728762   1.37336e-08   -1.54392e-05   0.000696714   2.44527e-05   0.000465357   0.000408896   0.000699025   1.09897e-05   0.00424489   -0.000283127   -0.000218736   -0.000754183   -0.00036778   0.000276735   -0.000526255   -0.000238398   -0.000475168   2.94225e-07   -2.69657e-07   5.91272e-06   5.8506e-06   -5.37801e-06   3.25578e-06   4.07152e-07   -3.29952e-06   6.32014e-06   -0.000238323   -5.78063e-06   -2.75167e-05   -5.18992e-06   -5.35004e-06   -0.000185368   7.13676e-06   -0.000327494   0.000383589   0.000121208   1.22987e-05   -0.000397056   -4.37146e-06   -0.000123793   1   0.000910547   0.00203189   
0.00058465   0.000896893   -0.000236995   0.000100934   0.000661698   -0.000280843   -0.000937062   0.000488434   0.000880644   -0.000684225   0.000172779   -0.000431004   -0.000411162   -5.87284e-05   -5.54672e-06   0.000439887   -9.68903e-07   5.12505e-05   2.40769e-08   -5.20203e-05   0.000230612   0.00044969   1.90998e-08   -1.23438e-05   0.000460629   9.34945e-06   0.000316449   0.000273875   0.00049041   8.96917e-06   0.00293988   -0.000188957   -0.000151134   -0.000505501   -0.000251958   0.000181121   -0.000347537   -0.000163128   -0.000321028   1.54768e-06   -1.39689e-06   -1.03329e-06   -1.1884e-06   1.22625e-06   3.46832e-06   1.56215e-06   3.23474e-06   -1.0497e-06   -0.000154049   1.25336e-06   -1.93038e-05   1.44618e-06   1.25107e-06   -0.000125898   4.87967e-06   -0.000225467   0.00027803   7.6907e-05   8.49354e-06   -0.000277469   -1.43283e-07   1   -0.000123793   0.000632355   0.00153484   
3.76056e-06   -2.39249e-06   -0.00013274   4.57221e-05   -1.54437e-05   -6.81175e-05   5.62005e-05   9.51756e-05   -0.000151757   0.000100093   -2.02862e-05   7.64668e-05   1.72267e-06   -1.12021e-06   8.11584e-06   2.84524e-07   -2.31613e-05   -5.90242e-06   -2.97485e-06   3.11874e-06   -8.75763e-06   7.72375e-05   1.30111e-08   3.27709e-06   2.27557e-05   1.22357e-05   6.11862e-07   7.54131e-06   -2.45747e-05   -1.03268e-06   -8.45386e-05   -6.06868e-06   3.80982e-06   -1.30218e-05   2.85926e-06   1.23157e-05   -1.74619e-05   1.45101e-06   -3.86705e-06   -2.06964e-06   2.05903e-06   8.61562e-06   8.62572e-06   -8.12367e-06   -2.07715e-06   -1.97819e-06   -9.05884e-06   9.04139e-06   -1.36271e-05   -8.59645e-06   1.02526e-06   -8.09816e-06   -8.01446e-06   -3.40983e-07   9.6674e-08   4.16764e-06   -2.81357e-05   9.58627e-06   -1.47905e-07   1.21884e-05   1   -1.43283e-07   -4.37146e-06   -2.09222e-05   -0.000252709   
0.00556653   0.00764694   -0.00191161   -0.00371026   0.00481776   -0.003395   -0.0082285   0.00973328   0.0116558   -0.0127057   0.0010753   -0.00146125   -0.00435763   -0.000689875   4.92342e-06   0.0025837   6.08113e-05   0.000318387   0.000108963   -0.000129805   0.00590727   0.00541513   1.66527e-08   -9.69818e-06   0.00265999   -3.25129e-06   -5.17407e-05   -0.000416786   0.00265123   0.000504133   0.00205227   0.000282865   -0.000156692   -0.00132416   -0.00076383   0.000196983   -0.000455816   -0.000136576   -0.00155009   -1.28157e-06   1.24835e-06   -1.57231e-05   -1.58023e-05   1.45543e-05   8.69225e-05   -1.22381e-06   0.000105155   -1.7129e-05   0.000991437   1.58796e-05   -0.000426219   1.73433e-05   1.4436e-05   -0.000273905   0.000206499   -0.0003837   0.0014377   0.000192147   0.000127849   1   1.21884e-05   -0.000277469   -0.000397056   0.00286926   0.077234   
-0.000854821   -0.000932744   0.0001422   0.000375632   -0.000463463   0.000979549   0.000305225   -0.000502222   -0.00153207   0.00162914   -0.000228443   0.000194508   0.000514809   8.11659e-05   -3.44875e-05   -0.000109836   -9.51587e-07   -6.75193e-05   -3.87853e-05   0.000173243   -0.000928209   -0.00111073   1.3022e-08   1.57702e-05   -2.33212e-05   -8.29115e-05   -1.55016e-05   -6.43997e-05   -0.000208354   -5.40194e-05   0.00061711   -0.000117978   -2.91301e-05   0.000130088   -3.79809e-05   4.81613e-05   -0.000125145   -4.64386e-05   3.93775e-05   9.02495e-06   -9.01174e-06   -8.56939e-06   -8.69346e-06   8.70029e-06   1.32239e-05   9.05513e-06   1.29707e-05   -8.7411e-06   -8.57453e-05   8.73651e-06   4.97901e-05   8.57571e-06   8.73461e-06   2.05423e-05   1.02083e-05   0.000224163   -0.00020224   -2.80396e-05   1   0.000127849   -1.47905e-07   8.49354e-06   1.22987e-05   -0.00010543   -0.0109358   
0.000476341   -0.0028653   0.00424333   -0.00272985   0.000218547   -0.000989928   -0.00126379   -0.000954967   0.00589619   -0.00403217   0.000661114   -0.000146953   5.64935e-05   1.23443e-05   -0.000432187   -0.000380378   4.76253e-05   0.000195836   0.000259066   -0.000133624   0.00150046   0.00727303   1.79273e-08   -9.70669e-05   -0.000621799   0.000697322   -0.000451441   -0.000430668   -0.000386726   -0.000367529   -0.00535225   0.000498668   0.00102968   0.000694879   0.00123675   -0.000551695   0.000736195   0.000968739   0.00056362   0.000112165   -0.000112093   -0.000125405   -0.00012517   0.000124422   0.000123237   0.000112238   0.000137601   -0.000126588   0.00061938   0.000125488   -0.000842687   0.000126457   0.00012436   0.000138039   2.66643e-05   -0.00048012   -0.000301608   1   -2.80396e-05   0.000192147   9.58627e-06   7.6907e-05   0.000121208   -0.000487781   0.0302653   
-0.0170722   -0.0184331   -0.0119742   -0.0104897   -0.0108985   -0.0202385   -0.000104688   0.00528169   0.00118331   0.0519757   -0.012486   0.0692859   0.0346782   0.00428674   0.000437353   -0.00148915   -0.000141192   -0.00369546   -0.00117205   0.00411596   -0.012897   -0.00776223   -3.78131e-08   0.000888614   0.000774848   -0.00110798   -0.00158002   0.00259651   -0.0049762   -0.000845741   0.0386047   -0.0050902   -0.000205325   -0.00123144   -0.000419817   0.00728332   -0.00788049   -0.00010836   0.00039769   -0.000113472   0.000113373   0.000153055   0.000152758   -0.00015   -1.24678e-05   -0.000113359   -5.49093e-05   0.000156015   -0.00900805   -0.000153069   0.000757468   -0.000147179   -0.000149941   0.00060385   0.000236483   0.00254534   1   -0.000301608   -0.00020224   0.0014377   -2.81357e-05   0.00027803   0.000383589   -0.00224756   -0.155919   
0.00541045   -0.0255439   -0.00580201   0.00313746   0.0188083   -0.0197876   0.0102665   -0.00857985   -0.00603489   0.0092035   0.00188185   0.00194356   0.0109115   0.00178013   -0.00158026   0.000172212   2.09578e-05   0.000557093   0.000280368   -0.00458544   0.00417518   0.0216663   -1.5352e-08   -0.00064485   7.1598e-05   0.00125576   0.00278837   0.00418717   0.00149287   -0.000392309   -0.0214836   7.30216e-05   0.000149926   -0.00167629   0.00114926   -0.000475965   0.00226219   -0.000435704   0.00107396   0.000409889   -0.000409879   -0.000416097   -0.000414878   0.00041523   0.000157018   0.000409977   0.000163713   -0.000416329   -0.00171413   0.000415792   -0.000459335   0.000416752   0.000414843   -0.000786083   -0.000590297   1   0.00254534   -0.00048012   0.000224163   -0.0003837   4.16764e-06   -0.000225467   -0.000327494   0.00104657   -0.183112   
0.000372724   3.81896e-05   0.000103987   0.000611621   -8.55104e-05   -0.00107219   0.00150789   -0.00203488   -4.85528e-05   0.000344387   0.000257801   -0.000370279   4.46255e-05   1.52669e-05   6.33992e-05   -0.000289427   2.34473e-07   7.63325e-05   3.99369e-05   -0.000392357   0.000117046   0.000872735   -6.76488e-10   -4.00555e-05   -0.000497753   0.000152965   0.000353288   0.000551222   -4.83815e-05   -3.04478e-05   0.000648552   -1.64952e-07   -5.43109e-05   -0.000255717   9.35668e-05   -2.34458e-05   0.000153832   -3.50414e-05   0.000182248   -1.65178e-05   1.64172e-05   1.63498e-05   1.63212e-05   -1.63695e-05   -5.73389e-05   -1.63703e-05   -5.73393e-05   1.64143e-05   -0.000298181   -1.63494e-05   5.84895e-05   -1.69675e-05   -1.63547e-05   -6.37847e-05   1   -0.000590297   0.000236483   2.66643e-05   1.02083e-05   0.000206499   9.6674e-08   4.87967e-06   7.13676e-06   -0.000207508   -0.00329284   
0.00117742   0.00140948   -0.000287626   0.000610175   0.000955371   -0.00122962   -0.000321729   -0.000760836   0.00131991   -0.000797475   0.000457659   -0.000939278   -0.0006   -7.92894e-05   3.85765e-05   0.00046215   -1.38663e-06   0.000135528   2.96568e-05   -0.000371938   0.000442114   0.00134121   2.11025e-09   -4.89557e-05   0.000339102   0.000128022   0.000749708   0.000831478   0.0007193   -9.95034e-06   0.00500928   -0.000291157   -0.000273278   -0.000968681   -0.000318546   0.000261239   -0.000421101   -0.000277219   -0.00035909   -1.01103e-05   9.93811e-06   1.04689e-05   1.03694e-05   -1.04097e-05   -3.73713e-05   -9.93539e-06   -3.76722e-05   1.03437e-05   -0.000458928   -1.03917e-05   1.3731e-05   -1.05562e-05   -1.03497e-05   1   -6.37847e-05   -0.000786083   0.00060385   0.000138039   2.05423e-05   -0.000273905   -3.40983e-07   -0.000125898   -0.000185368   0.000819269   -8.4834e-05   
0.000719117   0.00329799   -0.000458129   0.00083572   -0.000308926   -0.0012332   -2.76142e-05   0.000195687   -0.000796852   0.00064664   0.000196192   0.000199994   -8.19458e-05   -1.75875e-05   0.000318947   -1.6677e-05   -4.06139e-05   5.81564e-05   -4.39263e-06   -7.00708e-05   2.20769e-05   -0.00415085   1.3729e-08   -2.43685e-05   -0.000135753   5.25697e-05   4.12118e-05   0.000106524   0.000378429   -9.91479e-06   0.00117058   -0.000204484   -0.000101566   -0.000361799   -0.000126897   0.000205449   -0.0003044   2.91171e-06   -0.000129555   -8.27187e-05   8.2645e-05   9.42371e-05   9.39001e-05   -9.32197e-05   -8.95939e-05   -8.25537e-05   -0.000101809   9.5048e-05   -0.000295777   -9.40288e-05   8.39901e-05   -9.38417e-05   1   -1.03497e-05   -1.63547e-05   0.000414843   -0.000149941   0.00012436   8.73461e-06   1.4436e-05   -8.01446e-06   1.25107e-06   -5.35004e-06   -5.54649e-05   0.0049612   
0.000745536   0.00337941   -0.000489233   0.000836945   -0.000327285   -0.0012009   -1.65736e-06   0.000141049   -0.000812476   0.000646664   0.00019962   0.00018441   -0.000100005   -2.02461e-05   0.000321569   -2.01121e-05   -4.08745e-05   5.91881e-05   -4.06155e-06   -7.10203e-05   2.19572e-05   -0.00415886   4.37505e-09   -2.42649e-05   -0.000150832   5.5034e-05   4.57774e-05   0.000109471   0.000378974   -6.31324e-06   0.00113823   -0.000202471   -0.000101319   -0.000362726   -0.000126777   0.000204542   -0.000305519   4.32407e-06   -0.00012909   -8.34715e-05   8.33245e-05   9.49423e-05   9.46068e-05   -9.40005e-05   -9.0516e-05   -8.32865e-05   -0.000102894   9.5843e-05   -0.00029763   -9.47981e-05   8.43768e-05   1   -9.38417e-05   -1.05562e-05   -1.69675e-05   0.000416752   -0.000147179   0.000126457   8.57571e-06   1.73433e-05   -8.09816e-06   1.44618e-06   -5.18992e-06   -5.88057e-05   0.00521722   
-0.0013597   -0.00468671   -0.00445142   -0.000599299   0.00113762   0.00309347   0.000882994   0.00338772   -0.00218387   -0.000593781   -0.00124262   0.000121492   -0.000766839   -0.000129282   -0.000318754   0.000507825   5.18511e-06   -0.000367777   -0.000244242   0.000279144   0.000265428   0.00504026   1.97217e-09   0.00020497   0.00112917   -0.000899397   -0.000211887   -0.00037904   -0.000686476   0.000652295   -0.002956   0.000532035   -0.000659456   0.000648199   -0.000812465   -0.000225734   0.000599827   -0.000846917   -0.000182739   8.26769e-05   -8.27262e-05   -8.41639e-05   -8.39648e-05   8.40444e-05   0.000107563   8.27802e-05   0.000109099   -8.42636e-05   0.00073958   8.42203e-05   1   8.43768e-05   8.39901e-05   1.3731e-05   5.84895e-05   -0.000459335   0.000757468   -0.000842687   4.97901e-05   -0.000426219   1.02526e-06   -1.93038e-05   -2.75167e-05   0.000375247   -0.0216688   
0.000720384   0.00330163   -0.00047273   0.000841555   -0.000310912   -0.00124187   -2.1655e-05   0.000205962   -0.000813939   0.000658054   0.000194212   0.000208284   -8.17186e-05   -1.77302e-05   0.000320095   -1.65703e-05   -4.30949e-05   5.76031e-05   -4.6934e-06   -6.98337e-05   2.12147e-05   -0.00414753   3.23398e-08   -2.40774e-05   -0.00013345   5.39912e-05   4.12825e-05   0.00010746   0.000376249   -9.7442e-06   0.001163   -0.000205283   -0.00010131   -0.000363441   -0.000126775   0.000207053   -0.000306594   3.03468e-06   -0.000130162   -8.29541e-05   8.30106e-05   9.51949e-05   9.49845e-05   -9.41282e-05   -8.99059e-05   -8.28823e-05   -0.000102873   9.60535e-05   -0.000297604   1   8.42203e-05   -9.47981e-05   -9.40288e-05   -1.03917e-05   -1.63494e-05   0.000415792   -0.000153069   0.000125488   8.73651e-06   1.58796e-05   -8.59645e-06   1.25336e-06   -5.78063e-06   -5.7725e-05   0.00494014   
0.00134925   0.00326087   -0.00151987   0.00173298   -0.003762   -0.0140191   -0.00438209   -0.0117961   0.00219135   0.0297486   -0.00049453   0.0245816   0.0128454   0.00160923   0.00107317   -0.000718789   -6.82753e-05   -0.000146402   -0.000297186   0.000224462   -0.00718689   -0.000428598   7.48355e-10   -0.000266087   -0.00234272   0.000157008   0.00216514   0.00444684   0.00150523   -0.00110633   0.0345708   -0.00440718   -0.00114038   -0.00481294   -0.00105624   0.00455513   -0.00562838   -0.000839026   -0.000414546   -0.000278372   0.000278235   0.000297662   0.000296882   -0.000296062   -0.000405354   -0.000278365   -0.000425928   0.000299059   1   -0.000297604   0.00073958   -0.00029763   -0.000295777   -0.000458928   -0.000298181   -0.00171413   -0.00900805   0.00061938   -8.57453e-05   0.000991437   -1.36271e-05   -0.000154049   -0.000238323   0.000117245   -0.0585274   
-0.000720934   -0.00330189   0.000487222   -0.000846696   0.000312595   0.00124943   1.54825e-05   -0.000216425   0.000830587   -0.000669198   -0.00019206   -0.000216437   8.12878e-05   1.8018e-05   -0.000321186   1.6455e-05   4.55419e-05   -5.68524e-05   4.99523e-06   6.95753e-05   -2.03486e-05   0.00413994   1.04739e-08   2.38046e-05   0.000131106   -5.52468e-05   -4.12053e-05   -0.000108398   -0.000373766   1.09273e-05   -0.00115416   0.000206213   0.000101089   0.000365038   0.000126683   -0.00020808   0.000308789   -3.26216e-06   0.000130706   8.32853e-05   -8.32858e-05   -9.6096e-05   -9.59553e-05   9.50746e-05   9.0079e-05   8.33254e-05   0.000103867   1   0.000299059   9.60535e-05   -8.42636e-05   9.5843e-05   9.5048e-05   1.03437e-05   1.64143e-05   -0.000416329   0.000156015   -0.000126588   -8.7411e-06   -1.7129e-05   9.04139e-06   -1.0497e-06   6.32014e-06   6.01166e-05   -0.00491317   
0.000878957   0.00331345   -0.000441721   0.00110637   -0.000348633   -0.00170503   0.00062785   -0.000652784   -0.000849614   0.000814737   0.000301766   5.79991e-05   -6.23737e-05   -1.13693e-05   0.000347599   -0.000140145   -4.54752e-05   8.93969e-05   1.20548e-05   -0.000236875   7.02362e-05   -0.00376163   1.15728e-08   -4.08171e-05   -0.000343476   0.00012044   0.000191952   0.000343338   0.000352591   -2.3536e-05   0.00142947   -0.000205831   -0.000124129   -0.000473661   -8.63846e-05   0.000197959   -0.000242398   -1.17843e-05   -5.27465e-05   -9.0177e-05   9.01889e-05   0.000102949   0.00010262   -0.000101959   -0.000114535   -9.01698e-05   1   0.000103867   -0.000425928   -0.000102873   0.000109099   -0.000102894   -0.000101809   -3.76722e-05   -5.73393e-05   0.000163713   -5.49093e-05   0.000137601   1.29707e-05   0.000105155   -9.05884e-06   3.23474e-06   -3.29952e-06   -0.00014842   0.00350171   
0.000715079   0.00330493   -0.000286153   0.000777301   -0.000289218   -0.00114612   -0.00010062   7.21375e-05   -0.000600527   0.00051727   0.000222748   0.000100965   -8.42912e-05   -1.59105e-05   0.000308707   -1.7018e-05   -1.05388e-05   6.60684e-05   -3.90354e-07   -7.40336e-05   3.35252e-05   -0.00425598   1.93319e-08   -2.84251e-05   -0.000165272   3.68246e-05   4.05073e-05   9.69515e-05   0.000410816   -7.47056e-06   0.00128188   -0.00019672   -0.000106583   -0.00034528   -0.000130586   0.000189765   -0.000281964   1.14343e-06   -0.000124507   -7.99639e-05   8.00967e-05   8.31892e-05   8.28569e-05   -8.26863e-05   -8.69546e-05   1   -9.01698e-05   8.33254e-05   -0.000278365   -8.28823e-05   8.27802e-05   -8.32865e-05   -8.25537e-05   -9.93539e-06   -1.63703e-05   0.000409977   -0.000113359   0.000112238   9.05513e-06   -1.22381e-06   -1.97819e-06   1.56215e-06   4.07152e-07   -2.82713e-05   0.00529537   
0.000872925   0.00331504   -0.000241224   0.00103705   -0.000325217   -0.0016019   0.000543529   -0.00079716   -0.000620044   0.000663363   0.00033241   -5.74278e-05   -6.54266e-05   -9.50586e-06   0.000335138   -0.000140715   -1.05445e-05   9.84497e-05   1.65418e-05   -0.000241676   8.32362e-05   -0.00387532   1.15965e-08   -4.56086e-05   -0.000377745   0.000102008   0.000191093   0.000331967   0.000389347   -2.12902e-05   0.00155632   -0.000196517   -0.000129828   -0.000453931   -9.06392e-05   0.000179322   -0.000215872   -1.38838e-05   -4.66187e-05   -8.69828e-05   8.68477e-05   8.99113e-05   8.9651e-05   -8.97571e-05   1   -8.69546e-05   -0.000114535   9.0079e-05   -0.000405354   -8.99059e-05   0.000107563   -9.0516e-05   -8.95939e-05   -3.73713e-05   -5.73389e-05   0.000157018   -1.24678e-05   0.000123237   1.32239e-05   8.69225e-05   -2.07715e-06   3.46832e-06   3.25578e-06   -0.000116945   0.00387942   
0.000719859   0.00330144   -0.000458289   0.000836485   -0.000309211   -0.00123431   -2.77971e-05   0.000195616   -0.000797293   0.000647094   0.000196288   0.000200056   -8.21637e-05   -1.76797e-05   0.00031924   -1.65916e-05   -4.06762e-05   5.81717e-05   -4.42637e-06   -7.01884e-05   2.21538e-05   -0.00415527   6.2823e-09   -2.4397e-05   -0.000135914   5.26431e-05   4.12245e-05   0.000106592   0.000378902   -9.88483e-06   0.00117201   -0.000204749   -0.000101878   -0.000362185   -0.000127058   0.000205612   -0.000304703   2.84725e-06   -0.000129755   -8.27769e-05   8.26473e-05   9.41687e-05   9.39445e-05   1   -8.97571e-05   -8.26863e-05   -0.000101959   9.50746e-05   -0.000296062   -9.41282e-05   8.40444e-05   -9.40005e-05   -9.32197e-05   -1.04097e-05   -1.63695e-05   0.00041523   -0.00015   0.000124422   8.70029e-06   1.45543e-05   -8.12367e-06   1.22625e-06   -5.37801e-06   -5.55792e-05   0.00496707   
-0.000718776   -0.00329406   0.00047238   -0.000839906   0.000310275   0.00123937   2.12814e-05   -0.000206049   0.000812979   -0.000657222   -0.000193646   -0.000208034   8.15314e-05   1.7922e-05   -0.000319571   1.65289e-05   4.30545e-05   -5.72778e-05   4.77602e-06   6.96798e-05   -2.10859e-05   0.00413757   1.04695e-08   2.40238e-05   0.000133125   -5.3868e-05   -4.10714e-05   -0.000107433   -0.000375252   1.04025e-05   -0.00115998   0.000205071   0.000101118   0.000362848   0.000126615   -0.000206352   0.000306192   -3.04443e-06   0.000130018   8.28728e-05   -8.30037e-05   -9.48962e-05   1   9.39445e-05   8.9651e-05   8.28569e-05   0.00010262   -9.59553e-05   0.000296882   9.49845e-05   -8.39648e-05   9.46068e-05   9.39001e-05   1.03694e-05   1.63212e-05   -0.000414878   0.000152758   -0.00012517   -8.69346e-06   -1.58023e-05   8.62572e-06   -1.1884e-06   5.8506e-06   5.78714e-05   -0.00492737   
-0.000720824   -0.00330361   0.000472708   -0.000841991   0.000311042   0.00124242   2.17235e-05   -0.000205934   0.000814122   -0.000658326   -0.000194441   -0.000207979   8.16106e-05   1.79239e-05   -0.000320344   1.65875e-05   4.30792e-05   -5.75041e-05   4.69258e-06   6.99361e-05   -2.1249e-05   0.00415018   1.41956e-08   2.41922e-05   0.000133807   -5.38077e-05   -4.10787e-05   -0.000107602   -0.000376682   1.08674e-05   -0.00116403   0.000205665   0.000101587   0.000363859   0.000126949   -0.000206814   0.000307043   -3.05369e-06   0.000130488   8.30748e-05   -8.315e-05   1   -9.48962e-05   9.41687e-05   8.99113e-05   8.31892e-05   0.000102949   -9.6096e-05   0.000297662   9.51949e-05   -8.41639e-05   9.49423e-05   9.42371e-05   1.04689e-05   1.63498e-05   -0.000416097   0.000153055   -0.000125405   -8.56939e-06   -1.57231e-05   8.61562e-06   -1.03329e-06   5.91272e-06   5.77868e-05   -0.00494342   
-0.000714954   -0.00330431   0.00028608   -0.000777134   0.000289128   0.00114586   0.000100636   -7.20994e-05   0.000600494   -0.000517255   -0.000222793   -0.000100812   8.42232e-05   1.60626e-05   -0.000308751   1.69389e-05   1.05707e-05   -6.59546e-05   4.29943e-07   7.4245e-05   -3.35238e-05   0.00425513   -2.57946e-09   2.8447e-05   0.000165407   -3.68173e-05   -4.03725e-05   -9.7002e-05   -0.000410708   8.70738e-06   -0.00128172   0.000196778   0.000106738   0.00034526   0.000130828   -0.00018952   0.000282102   -1.15593e-06   0.000124649   8.00218e-05   1   -8.315e-05   -8.30037e-05   8.26473e-05   8.68477e-05   8.00967e-05   9.01889e-05   -8.32858e-05   0.000278235   8.30106e-05   -8.27262e-05   8.33245e-05   8.2645e-05   9.93811e-06   1.64172e-05   -0.000409879   0.000113373   -0.000112093   -9.01174e-06   1.24835e-06   2.05903e-06   -1.39689e-06   -2.69657e-07   2.84143e-05   -0.0052943   
0.000715008   0.0033046   -0.000286112   0.000777234   -0.000289186   -0.00114598   -0.000100657   7.20724e-05   -0.000600508   0.00051719   0.000222669   0.000101023   -8.43371e-05   -1.58674e-05   0.000308662   -1.70589e-05   -1.05866e-05   6.59547e-05   -4.621e-07   -7.41294e-05   3.3447e-05   -0.00425555   4.44087e-09   -2.85602e-05   -0.000165361   3.67099e-05   4.03761e-05   9.67696e-05   0.000410783   -8.11169e-06   0.00128165   -0.00019674   -0.000106747   -0.000345373   -0.000130652   0.000189844   -0.000281986   1.0756e-06   -0.00012453   1   8.00218e-05   8.30748e-05   8.28728e-05   -8.27769e-05   -8.69828e-05   -7.99639e-05   -9.0177e-05   8.32853e-05   -0.000278372   -8.29541e-05   8.26769e-05   -8.34715e-05   -8.27187e-05   -1.01103e-05   -1.65178e-05   0.000409889   -0.000113472   0.000112165   9.02495e-06   -1.28157e-06   -2.06964e-06   1.54768e-06   2.94225e-07   -2.83349e-05   0.00529487   
0.00369078   0.010891   -0.00122038   0.00011451   0.00238399   -0.00206993   -0.00736603   0.00644591   0.00406829   -0.00392219   0.000862238   -0.00081103   -0.0022078   -0.000347691   0.000480566   0.00226233   -1.99272e-05   0.000255441   -1.86811e-05   0.000334116   0.00155563   -0.00762198   2.78102e-09   -5.07563e-05   0.00234524   -3.92332e-05   0.000490422   6.50101e-05   0.00295367   6.13583e-05   0.0113517   -0.00099379   -0.000512373   -0.00212192   -0.0012258   0.00103686   -0.00207585   -0.00035861   1   -0.00012453   0.000124649   0.000130488   0.000130018   -0.000129755   -4.66187e-05   -0.000124507   -5.27465e-05   0.000130706   -0.000414546   -0.000130162   -0.000182739   -0.00012909   -0.000129555   -0.00035909   0.000182248   0.00107396   0.00039769   0.00056362   3.93775e-05   -0.00155009   -3.86705e-06   -0.000321028   -0.000475168   0.00277808   0.0369141   
0.00194406   0.00337048   0.00475752   1.97743e-05   0.000528049   -0.00279476   -0.00293789   -0.00268283   0.00501183   -0.00141053   0.00149587   -0.00116744   6.92971e-05   3.6226e-05   -4.3394e-06   0.000418185   6.94048e-06   0.000442875   0.00026747   -0.000338001   0.000172913   9.02889e-05   -5.38682e-09   -0.000221799   -4.38947e-05   0.000966655   0.000868875   0.00089995   0.00137124   -0.000694625   0.00828243   -0.000782051   0.000515476   -0.00142881   0.000492247   0.000433209   -0.00110218   1   -0.00035861   1.0756e-06   -1.15593e-06   -3.05369e-06   -3.04443e-06   2.84725e-06   -1.38838e-05   1.14343e-06   -1.17843e-05   -3.26216e-06   -0.000839026   3.03468e-06   -0.000846917   4.32407e-06   2.91171e-06   -0.000277219   -3.50414e-05   -0.000435704   -0.00010836   0.000968739   -4.64386e-05   -0.000136576   1.45101e-06   -0.000163128   -0.000238398   0.000996827   0.0210488   
-0.000795936   0.00845604   -0.00305893   0.00165038   -0.00397057   -0.00669242   -0.0089979   0.000690766   -0.00214095   0.0245543   -0.0016193   0.0209743   0.0102357   0.00125362   0.00108761   0.00146472   -8.77986e-05   -0.000479303   -0.000521682   0.00197168   -0.0083525   -0.0195719   -1.15531e-09   -3.05002e-05   0.00157964   -0.000611544   0.00122714   0.00213849   0.00267841   -0.000813171   0.0389583   -0.00445718   -0.00139199   -0.00432471   -0.00226598   0.00460186   1   -0.00110218   -0.00207585   -0.000281986   0.000282102   0.000307043   0.000306192   -0.000304703   -0.000215872   -0.000281964   -0.000242398   0.000308789   -0.00562838   -0.000306594   0.000599827   -0.000305519   -0.0003044   -0.000421101   0.000153832   0.00226219   -0.00788049   0.000736195   -0.000125145   -0.000455816   -1.74619e-05   -0.000347537   -0.000526255   0.00231561   -0.0542098   
-0.000429555   -0.00401047   0.0026238   0.00181064   0.00346048   0.0100864   0.00547946   -0.000797601   -0.0046537   -0.0169944   0.00136176   -0.0215929   -0.00935252   -0.00109396   -0.000730976   -0.000663069   6.14026e-05   0.000403293   0.000283934   -0.00100115   0.00435001   0.00874002   3.77685e-08   3.43087e-05   -0.000670469   5.96527e-05   -0.000801828   -0.0022557   -0.00151497   0.000606009   -0.0284503   0.00293759   0.000652072   0.00329176   0.00102026   1   0.00460186   0.000433209   0.00103686   0.000189844   -0.00018952   -0.000206814   -0.000206352   0.000205612   0.000179322   0.000189765   0.000197959   -0.00020808   0.00455513   0.000207053   -0.000225734   0.000204542   0.000205449   0.000261239   -2.34458e-05   -0.000475965   0.00728332   -0.000551695   4.81613e-05   0.000196983   1.23157e-05   0.000181121   0.000276735   -0.001129   0.0209536   
0.00343724   0.0111411   0.00395076   0.000611016   0.000708969   -0.00346607   -0.00662318   0.00100821   0.0049831   -0.00176308   0.00174684   -0.000929378   -0.000626718   -8.36487e-05   0.000504305   0.00129114   1.41998e-05   0.000517346   0.000209053   0.000102719   0.000283822   -0.00964814   6.91532e-09   -0.000232533   0.000827643   0.000803551   0.000695913   0.000456976   0.00281609   -0.000653064   0.0128179   -0.00136361   0.000249805   -0.00220201   1   0.00102026   -0.00226598   0.000492247   -0.0012258   -0.000130652   0.000130828   0.000126949   0.000126615   -0.000127058   -9.06392e-05   -0.000130586   -8.63846e-05   0.000126683   -0.00105624   -0.000126775   -0.000812465   -0.000126777   -0.000126897   -0.000318546   9.35668e-05   0.00114926   -0.000419817   0.00123675   -3.79809e-05   -0.00076383   2.85926e-06   -0.000251958   -0.00036778   0.00193639   0.040143   
0.0132588   0.0162456   0.00026969   0.00323679   0.000416486   -0.017478   -0.0073199   -0.00107052   0.00867866   0.0074191   0.00532232   0.00891725   0.00319586   0.00034251   0.00133121   0.00208281   -6.51169e-05   0.00157562   7.45785e-05   -0.00119877   0.000452703   -0.00607478   2.33208e-08   -0.000833646   0.000839476   0.000234983   0.00290733   0.00416781   0.00703255   -0.000333432   0.0347298   -0.00298546   -0.00179105   1   -0.00220201   0.00329176   -0.00432471   -0.00142881   -0.00212192   -0.000345373   0.00034526   0.000363859   0.000362848   -0.000362185   -0.000453931   -0.00034528   -0.000473661   0.000365038   -0.00481294   -0.000363441   0.000648199   -0.000362726   -0.000361799   -0.000968681   -0.000255717   -0.00167629   -0.00123144   0.000694879   0.000130088   -0.00132416   -1.30218e-05   -0.000505501   -0.000754183   0.00335859   0.00141589   
0.00278522   0.00767853   0.00407812   0.00104123   0.000139691   -0.00405945   -0.00293504   -0.00242573   0.00396556   -0.000730033   0.00170263   -0.00103929   -8.03209e-05   8.97888e-06   0.00041148   0.000382895   1.89502e-05   0.000504101   0.000246212   -0.000416569   0.000227507   -0.00584788   1.36137e-08   -0.000245515   -0.000267311   0.000916816   0.000864624   0.000959876   0.00187205   -0.000640847   0.00957951   -0.000987089   1   -0.00179105   0.000249805   0.000652072   -0.00139199   0.000515476   -0.000512373   -0.000106747   0.000106738   0.000101587   0.000101118   -0.000101878   -0.000129828   -0.000106583   -0.000124129   0.000101089   -0.00114038   -0.00010131   -0.000659456   -0.000101319   -0.000101566   -0.000273278   -5.43109e-05   0.000149926   -0.000205325   0.00102968   -2.91301e-05   -0.000156692   3.80982e-06   -0.000151134   -0.000218736   0.000930505   0.0268456   
-0.00356492   0.00544476   0.0017306   0.00645796   0.000395944   -0.00656991   -0.0102062   -0.00575834   0.000311886   0.0186483   -0.000720316   0.00922859   0.00622995   0.000837087   0.00075882   0.000270289   -3.07187e-05   -0.000213104   -0.000247815   0.000653733   -0.0056579   0.00144041   1.32424e-08   -7.19361e-05   -0.000763283   -0.000344438   0.00114717   0.00158317   0.00133393   -0.000714454   0.0207708   1   -0.000987089   -0.00298546   -0.00136361   0.00293759   -0.00445718   -0.000782051   -0.00099379   -0.00019674   0.000196778   0.000205665   0.000205071   -0.000204749   -0.000196517   -0.00019672   -0.000205831   0.000206213   -0.00440718   -0.000205283   0.000532035   -0.000202471   -0.000204484   -0.000291157   -1.64952e-07   7.30216e-05   -0.0050902   0.000498668   -0.000117978   0.000282865   -6.06868e-06   -0.000188957   -0.000283127   0.000940243   -0.0217721   
-0.00871145   -0.0506223   0.0151357   -0.0330647   0.128036   0.00935511   0.0473096   -0.0102922   -0.146703   -0.027975   0.0032973   -0.1776   -0.0980214   -0.0124608   -0.00494034   -0.00813859   -0.000424045   0.000975898   -0.000489757   -0.00225097   0.0239588   0.071798   -1.17492e-08   0.0021302   -0.0142126   0.000697868   -0.0169257   -0.0296666   -0.0226478   -5.28718e-05   1   0.0207708   0.00957951   0.0347298   0.0128179   -0.0284503   0.0389583   0.00828243   0.0113517   0.00128165   -0.00128172   -0.00116403   -0.00115998   0.00117201   0.00155632   0.00128188   0.00142947   -0.00115416   0.0345708   0.001163   -0.002956   0.00113823   0.00117058   0.00500928   0.000648552   -0.0214836   0.0386047   -0.00535225   0.00061711   0.00205227   -8.45386e-05   0.00293988   0.00424489   -0.017952   -0.138376   
0.000816002   -0.000483793   3.3615e-05   -0.000894869   0.000592546   0.00168183   -0.00280269   -0.00307131   -0.00220625   0.00607791   3.88652e-05   0.00177164   0.00163214   0.000233493   3.24356e-05   -0.000421902   -7.19206e-06   1.24507e-05   0.000491057   -1.26015e-05   -0.00206934   0.00386741   9.15672e-08   -5.41191e-05   -0.000731214   -0.000620418   0.000287756   0.000349196   -0.00017755   1   -5.28718e-05   -0.000714454   -0.000640847   -0.000333432   -0.000653064   0.000606009   -0.000813171   -0.000694625   6.13583e-05   -8.11169e-06   8.70738e-06   1.08674e-05   1.04025e-05   -9.88483e-06   -2.12902e-05   -7.47056e-06   -2.3536e-05   1.09273e-05   -0.00110633   -9.7442e-06   0.000652295   -6.31324e-06   -9.91479e-06   -9.95034e-06   -3.04478e-05   -0.000392309   -0.000845741   -0.000367529   -5.40194e-05   0.000504133   -1.03268e-06   8.96917e-06   1.09897e-05   -0.000328143   -0.00037172   
-0.0292314   -0.0408663   -0.00442565   0.000373128   -0.0025315   0.00271509   0.0359301   -0.00256509   -0.0330895   0.0201514   -0.0122049   0.0110378   0.0125476   0.00185662   -0.00158325   -0.00340657   -0.000122899   -0.00361001   -0.000425572   0.00114989   -0.00551034   0.00015338   1.08043e-08   0.00135357   0.000952963   0.000452036   -0.00138752   -0.00074692   1   -0.00017755   -0.0226478   0.00133393   0.00187205   0.00703255   0.00281609   -0.00151497   0.00267841   0.00137124   0.00295367   0.000410783   -0.000410708   -0.000376682   -0.000375252   0.000378902   0.000389347   0.000410816   0.000352591   -0.000373766   0.00150523   0.000376249   -0.000686476   0.000378974   0.000378429   0.0007193   -4.83815e-05   0.00149287   -0.0049762   -0.000386726   -0.000208354   0.00265123   -2.45747e-05   0.00049041   0.000699025   -0.0043082   -0.333156   
-0.00181825   0.00117906   0.00296959   -0.000456206   0.00240327   0.0127654   -0.00701946   0.00781915   -0.00590878   -0.0088533   6.66726e-05   -0.0133264   -0.00616523   -0.000740533   -0.000373304   0.000270973   3.78793e-05   1.97817e-05   -2.74422e-05   0.00178809   0.0013808   -0.00175806   -9.63983e-09   0.000145461   0.000518249   -0.000855763   -0.00331184   1   -0.00074692   0.000349196   -0.0296666   0.00158317   0.000959876   0.00416781   0.000456976   -0.0022557   0.00213849   0.00089995   6.50101e-05   9.67696e-05   -9.7002e-05   -0.000107602   -0.000107433   0.000106592   0.000331967   9.69515e-05   0.000343338   -0.000108398   0.00444684   0.00010746   -0.00037904   0.000109471   0.000106524   0.000831478   0.000551222   0.00418717   0.00259651   -0.000430668   -6.43997e-05   -0.000416786   7.54131e-06   0.000273875   0.000408896   -0.000920737   0.0470322   
-0.00197618   -0.00207472   -0.000154661   -0.00390967   -0.00108118   0.00302862   -0.00301932   0.00825888   0.000227029   -0.00277729   -0.001323   0.00297478   0.000221278   -2.60882e-05   -0.000155486   -0.000339976   3.01947e-06   -0.000391516   -8.9242e-05   0.00140157   0.00101788   -0.00248736   5.91465e-08   0.000194981   0.000312726   -0.000551262   1   -0.00331184   -0.00138752   0.000287756   -0.0169257   0.00114717   0.000864624   0.00290733   0.000695913   -0.000801828   0.00122714   0.000868875   0.000490422   4.03761e-05   -4.03725e-05   -4.10787e-05   -4.10714e-05   4.12245e-05   0.000191093   4.05073e-05   0.000191952   -4.12053e-05   0.00216514   4.12825e-05   -0.000211887   4.57774e-05   4.12118e-05   0.000749708   0.000353288   0.00278837   -0.00158002   -0.000451441   -1.55016e-05   -5.17407e-05   6.11862e-07   0.000316449   0.000465357   -0.00153286   0.032802   
-0.000123306   0.00130132   0.00517531   -0.00155469   -0.000664047   0.000252764   -0.00410283   0.000356451   0.00343947   -0.000866833   0.000597862   0.000362704   0.000830594   0.000129939   -0.000141693   7.73721e-05   6.11574e-05   0.000177045   0.000182915   0.000582535   -0.000536299   -0.00282512   1.74027e-08   -0.000112743   -3.41089e-05   1   -0.000551262   -0.000855763   0.000452036   -0.000620418   0.000697868   -0.000344438   0.000916816   0.000234983   0.000803551   5.96527e-05   -0.000611544   0.000966655   -3.92332e-05   3.67099e-05   -3.68173e-05   -5.38077e-05   -5.3868e-05   5.26431e-05   0.000102008   3.68246e-05   0.00012044   -5.52468e-05   0.000157008   5.39912e-05   -0.000899397   5.5034e-05   5.25697e-05   0.000128022   0.000152965   0.00125576   -0.00110798   0.000697322   -8.29115e-05   -3.25129e-06   1.22357e-05   9.34945e-06   2.44527e-05   0.000113324   0.0244429   
0.00572984   0.00793268   0.00206596   0.0054041   0.000807493   0.00763051   0.0148809   -0.0759795   0.0194222   0.0138065   0.00392902   -0.00622033   0.00985091   0.00175969   0.000637954   -0.00387751   0.000113848   0.00116318   0.000697359   -0.00128772   -0.00160593   0.0192096   5.40119e-08   -0.000930197   1   -3.41089e-05   0.000312726   0.000518249   0.000952963   -0.000731214   -0.0142126   -0.000763283   -0.000267311   0.000839476   0.000827643   -0.000670469   0.00157964   -4.38947e-05   0.00234524   -0.000165361   0.000165407   0.000133807   0.000133125   -0.000135914   -0.000377745   -0.000165272   -0.000343476   0.000131106   -0.00234272   -0.00013345   0.00112917   -0.000150832   -0.000135753   0.000339102   -0.000497753   7.1598e-05   0.000774848   -0.000621799   -2.33212e-05   0.00265999   2.27557e-05   0.000460629   0.000696714   -0.0043312   -0.0176451   
0.00474986   0.00435818   0.00169727   5.89036e-05   -0.000441491   0.000891359   -0.0056188   -0.00198299   0.00529656   -0.00214177   0.0023609   -0.00212714   -0.0016362   -0.000228883   0.000110002   -3.04797e-06   1.58451e-05   0.000698296   8.48416e-05   -0.000239874   3.46769e-05   0.00278799   6.56131e-09   1   -0.000930197   -0.000112743   0.000194981   0.000145461   0.00135357   -5.41191e-05   0.0021302   -7.19361e-05   -0.000245515   -0.000833646   -0.000232533   3.43087e-05   -3.05002e-05   -0.000221799   -5.07563e-05   -2.85602e-05   2.8447e-05   2.41922e-05   2.40238e-05   -2.4397e-05   -4.56086e-05   -2.84251e-05   -4.08171e-05   2.38046e-05   -0.000266087   -2.40774e-05   0.00020497   -2.42649e-05   -2.43685e-05   -4.89557e-05   -4.00555e-05   -0.00064485   0.000888614   -9.70669e-05   1.57702e-05   -9.69818e-06   3.27709e-06   -1.23438e-05   -1.54392e-05   5.63646e-05   0.0484205   
-6.87373e-08   -1.065e-07   -2.27551e-08   -7.94707e-08   1.18128e-07   2.32036e-08   -2.04917e-07   1.34647e-07   1.88801e-07   -5.97464e-08   -2.72885e-08   1.05586e-07   1.98404e-08   3.51535e-08   -1.24052e-08   5.05204e-09   9.22861e-09   8.81299e-09   1.24838e-08   2.29997e-08   -7.30592e-10   5.73825e-08   1   6.56131e-09   5.40119e-08   1.74027e-08   5.91465e-08   -9.63983e-09   1.08043e-08   9.15672e-08   -1.17492e-08   1.32424e-08   1.36137e-08   2.33208e-08   6.91532e-09   3.77685e-08   -1.15531e-09   -5.38682e-09   2.78102e-09   4.44087e-09   -2.57946e-09   1.41956e-08   1.04695e-08   6.2823e-09   1.15965e-08   1.93319e-08   1.15728e-08   1.04739e-08   7.48355e-10   3.23398e-08   1.97217e-09   4.37505e-09   1.3729e-08   2.11025e-09   -6.76488e-10   -1.5352e-08   -3.78131e-08   1.79273e-08   1.3022e-08   1.66527e-08   1.30111e-08   1.90998e-08   1.37336e-08   2.9158e-08   -5.03312e-08   
0.0234064   0.0130052   0.00729754   -0.0443869   -0.0880078   0.026134   0.0468509   0.121394   -0.0196916   -0.0679423   0.00801746   0.0017151   -0.113603   -0.0188235   0.0164015   -0.00463202   0.000387209   0.00237329   0.00150596   0.00423355   -0.0148453   1   5.73825e-08   0.00278799   0.0192096   -0.00282512   -0.00248736   -0.00175806   0.00015338   0.00386741   0.071798   0.00144041   -0.00584788   -0.00607478   -0.00964814   0.00874002   -0.0195719   9.02889e-05   -0.00762198   -0.00425555   0.00425513   0.00415018   0.00413757   -0.00415527   -0.00387532   -0.00425598   -0.00376163   0.00413994   -0.000428598   -0.00414753   0.00504026   -0.00415886   -0.00415085   0.00134121   0.000872735   0.0216663   -0.00776223   0.00727303   -0.00111073   0.00541513   7.72375e-05   0.00044969   0.000728762   -0.00434808   0.00190532   
-0.0150287   -0.0155396   0.00651957   0.00273677   -0.0115531   0.00345185   0.00179155   -0.0111922   -0.025823   0.0464772   -0.00449822   0.0238473   0.0206282   0.00291206   -0.000128958   -0.0052297   -4.36701e-05   -0.00133158   -0.000648103   0.00353503   1   -0.0148453   -7.30592e-10   3.46769e-05   -0.00160593   -0.000536299   0.00101788   0.0013808   -0.00551034   -0.00206934   0.0239588   -0.0056579   0.000227507   0.000452703   0.000283822   0.00435001   -0.0083525   0.000172913   0.00155563   3.3447e-05   -3.35238e-05   -2.1249e-05   -2.10859e-05   2.21538e-05   8.32362e-05   3.35252e-05   7.02362e-05   -2.03486e-05   -0.00718689   2.12147e-05   0.000265428   2.19572e-05   2.20769e-05   0.000442114   0.000117046   0.00417518   -0.012897   0.00150046   -0.000928209   0.00590727   -8.75763e-06   0.000230612   0.000331214   -0.00422711   -0.15643   
0.00227034   0.000387062   0.00129368   0.00536096   0.00570681   -0.0130227   0.00862869   -0.00554145   0.0021498   -0.00640184   0.00221068   -0.00882974   -0.00333022   -0.000365494   0.000285983   -0.000216304   1.55535e-05   0.000654462   0.000344483   1   0.00353503   0.00423355   2.29997e-08   -0.000239874   -0.00128772   0.000582535   0.00140157   0.00178809   0.00114989   -1.26015e-05   -0.00225097   0.000653733   -0.000416569   -0.00119877   0.000102719   -0.00100115   0.00197168   -0.000338001   0.000334116   -7.41294e-05   7.4245e-05   6.99361e-05   6.96798e-05   -7.01884e-05   -0.000241676   -7.40336e-05   -0.000236875   6.95753e-05   0.000224462   -6.98337e-05   0.000279144   -7.10203e-05   -7.00708e-05   -0.000371938   -0.000392357   -0.00458544   0.00411596   -0.000133624   0.000173243   -0.000129805   3.11874e-06   -5.20203e-05   -7.38004e-05   6.38147e-05   -0.0259716   
-0.00116619   -0.00187751   -0.00126616   -0.000595482   0.000145054   0.000422015   -0.00030548   0.00236081   -0.00320444   0.00325136   -0.000757754   0.00213609   0.000955516   0.000113326   1.71824e-06   -5.32753e-05   -1.52667e-05   -0.000224255   1   0.000344483   -0.000648103   0.00150596   1.24838e-08   8.48416e-05   0.000697359   0.000182915   -8.9242e-05   -2.74422e-05   -0.000425572   0.000491057   -0.000489757   -0.000247815   0.000246212   7.45785e-05   0.000209053   0.000283934   -0.000521682   0.00026747   -1.86811e-05   -4.621e-07   4.29943e-07   4.69258e-06   4.77602e-06   -4.42637e-06   1.65418e-05   -3.90354e-07   1.20548e-05   4.99523e-06   -0.000297186   -4.6934e-06   -0.000244242   -4.06155e-06   -4.39263e-06   2.96568e-05   3.99369e-05   0.000280368   -0.00117205   0.000259066   -3.87853e-05   0.000108963   -2.97485e-06   2.40769e-08   -2.72603e-06   -3.33122e-05   -0.0168225   
-0.0121567   -0.00735377   -0.00395244   -0.00242935   0.000488717   -0.000697103   0.00621072   0.00276018   -0.00280707   0.00467225   -0.00613055   0.00914794   0.00630636   0.00085124   -0.000254083   -0.000304588   -3.00317e-05   1   -0.000224255   0.000654462   -0.00133158   0.00237329   8.81299e-09   0.000698296   0.00116318   0.000177045   -0.000391516   1.97817e-05   -0.00361001   1.24507e-05   0.000975898   -0.000213104   0.000504101   0.00157562   0.000517346   0.000403293   -0.000479303   0.000442875   0.000255441   6.59547e-05   -6.59546e-05   -5.75041e-05   -5.72778e-05   5.81717e-05   9.84497e-05   6.60684e-05   8.93969e-05   -5.68524e-05   -0.000146402   5.76031e-05   -0.000367777   5.91881e-05   5.81564e-05   0.000135528   7.63325e-05   0.000557093   -0.00369546   0.000195836   -6.75193e-05   0.000318387   -5.90242e-06   5.12505e-05   6.99133e-05   -0.000416472   -0.0496998   
1.89029e-05   -1.20053e-05   -0.000665815   0.000229342   -7.74103e-05   -0.000341608   0.000281961   0.000477695   -0.000761456   0.000502433   -0.00010178   0.000382845   9.8277e-06   -6.38837e-06   4.07321e-05   1.58442e-06   1   -3.00317e-05   -1.52667e-05   1.55535e-05   -4.36701e-05   0.000387209   9.22861e-09   1.58451e-05   0.000113848   6.11574e-05   3.01947e-06   3.78793e-05   -0.000122899   -7.19206e-06   -0.000424045   -3.07187e-05   1.89502e-05   -6.51169e-05   1.41998e-05   6.14026e-05   -8.77986e-05   6.94048e-06   -1.99272e-05   -1.05866e-05   1.05707e-05   4.30792e-05   4.30545e-05   -4.06762e-05   -1.05445e-05   -1.05388e-05   -4.54752e-05   4.55419e-05   -6.82753e-05   -4.30949e-05   5.18511e-06   -4.08745e-05   -4.06139e-05   -1.38663e-06   2.34473e-07   2.09578e-05   -0.000141192   4.76253e-05   -9.51587e-07   6.08113e-05   -2.31613e-05   -9.68903e-07   -2.1889e-05   -0.000105047   -0.0012687   
-0.00560487   -0.0084952   0.00223618   0.00340245   -0.00558322   0.00249273   0.0107189   -0.0114981   -0.0116105   0.0122421   -0.00102898   0.00168156   0.0045639   0.00071931   6.56538e-05   1   1.58442e-06   -0.000304588   -5.32753e-05   -0.000216304   -0.0052297   -0.00463202   5.05204e-09   -3.04797e-06   -0.00387751   7.73721e-05   -0.000339976   0.000270973   -0.00340657   -0.000421902   -0.00813859   0.000270289   0.000382895   0.00208281   0.00129114   -0.000663069   0.00146472   0.000418185   0.00226233   -1.70589e-05   1.69389e-05   1.65875e-05   1.65289e-05   -1.65916e-05   -0.000140715   -1.7018e-05   -0.000140145   1.6455e-05   -0.000718789   -1.65703e-05   0.000507825   -2.01121e-05   -1.6677e-05   0.00046215   -0.000289427   0.000172212   -0.00148915   -0.000380378   -0.000109836   0.0025837   2.84524e-07   0.000439887   0.000646552   -0.00408577   -0.0711502   
-0.00275586   -0.0127368   0.00110274   -0.00299562   0.00111453   0.00441686   0.000387798   -0.000278211   0.00231448   -0.00199362   -0.000858413   -0.000388741   0.000325262   6.18178e-05   1   6.56538e-05   4.07321e-05   -0.000254083   1.71824e-06   0.000285983   -0.000128958   0.0164015   -1.24052e-08   0.000110002   0.000637954   -0.000141693   -0.000155486   -0.000373304   -0.00158325   3.24356e-05   -0.00494034   0.00075882   0.00041148   0.00133121   0.000504305   -0.000730976   0.00108761   -4.3394e-06   0.000480566   0.000308662   -0.000308751   -0.000320344   -0.000319571   0.00031924   0.000335138   0.000308707   0.000347599   -0.000321186   0.00107317   0.000320095   -0.000318754   0.000321569   0.000318947   3.85765e-05   6.33992e-05   -0.00158026   0.000437353   -0.000432187   -3.44875e-05   4.92342e-06   8.11584e-06   -5.54672e-06   -9.83061e-07   0.000109371   -0.0204078   
0.00539447   -0.00383705   0.00102002   0.00533274   0.000973996   -0.00265732   0.0125028   0.00309726   -0.0188379   -0.000564005   0.00287512   -0.0110022   -0.00684542   1   6.18178e-05   0.00071931   -6.38837e-06   0.00085124   0.000113326   -0.000365494   0.00291206   -0.0188235   3.51535e-08   -0.000228883   0.00175969   0.000129939   -2.60882e-05   -0.000740533   0.00185662   0.000233493   -0.0124608   0.000837087   8.97888e-06   0.00034251   -8.36487e-05   -0.00109396   0.00125362   3.6226e-05   -0.000347691   -1.58674e-05   1.60626e-05   1.79239e-05   1.7922e-05   -1.76797e-05   -9.50586e-06   -1.59105e-05   -1.13693e-05   1.8018e-05   0.00160923   -1.77302e-05   -0.000129282   -2.02461e-05   -1.75875e-05   -7.92894e-05   1.52669e-05   0.00178013   0.00428674   1.23443e-05   8.11659e-05   -0.000689875   -1.12021e-06   -5.87284e-05   -8.75371e-05   0.00069442   -0.116623   
0.0364138   -0.0191681   0.0107293   0.040891   0.0118562   -0.00701667   0.078581   0.0131147   -0.127838   -0.0134655   0.0213041   -0.0961607   1   -0.00684542   0.000325262   0.0045639   9.8277e-06   0.00630636   0.000955516   -0.00333022   0.0206282   -0.113603   1.98404e-08   -0.0016362   0.00985091   0.000830594   0.000221278   -0.00616523   0.0125476   0.00163214   -0.0980214   0.00622995   -8.03209e-05   0.00319586   -0.000626718   -0.00935252   0.0102357   6.92971e-05   -0.0022078   -8.43371e-05   8.42232e-05   8.16106e-05   8.15314e-05   -8.21637e-05   -6.54266e-05   -8.42912e-05   -6.23737e-05   8.12878e-05   0.0128454   -8.17186e-05   -0.000766839   -0.000100005   -8.19458e-05   -0.0006   4.46255e-05   0.0109115   0.0346782   5.64935e-05   0.000514809   -0.00435763   1.72267e-06   -0.000411162   -0.000602375   0.00460836   -0.721821   
0.0299243   0.031668   0.0359849   0.0681577   0.0472458   0.0714158   0.0237897   -0.0440297   -0.109818   -0.0790424   0.0309032   1   -0.0961607   -0.0110022   -0.000388741   0.00168156   0.000382845   0.00914794   0.00213609   -0.00882974   0.0238473   0.0017151   1.05586e-07   -0.00212714   -0.00622033   0.000362704   0.00297478   -0.0133264   0.0110378   0.00177164   -0.1776   0.00922859   -0.00103929   0.00891725   -0.000929378   -0.0215929   0.0209743   -0.00116744   -0.00081103   0.000101023   -0.000100812   -0.000207979   -0.000208034   0.000200056   -5.74278e-05   0.000100965   5.79991e-05   -0.000216437   0.0245816   0.000208284   0.000121492   0.00018441   0.000199994   -0.000939278   -0.000370279   0.00194356   0.0692859   -0.000146953   0.000194508   -0.00146125   7.64668e-05   -0.000431004   -0.000566169   0.0032126   -0.132346   
-0.0410698   -0.0248434   -0.0133532   -0.00820812   0.00165003   -0.00235674   0.0209791   0.00932212   -0.00948526   0.0157823   1   0.0309032   0.0213041   0.00287512   -0.000858413   -0.00102898   -0.00010178   -0.00613055   -0.000757754   0.00221068   -0.00449822   0.00801746   -2.72885e-08   0.0023609   0.00392902   0.000597862   -0.001323   6.66726e-05   -0.0122049   3.88652e-05   0.0032973   -0.000720316   0.00170263   0.00532232   0.00174684   0.00136176   -0.0016193   0.00149587   0.000862238   0.000222669   -0.000222793   -0.000194441   -0.000193646   0.000196288   0.00033241   0.000222748   0.000301766   -0.00019206   -0.00049453   0.000194212   -0.00124262   0.00019962   0.000196192   0.000457659   0.000257801   0.00188185   -0.012486   0.000661114   -0.000228443   0.0010753   -2.02862e-05   0.000172779   0.000235836   -0.00140711   -0.167895   
0.00133644   0.000312745   0.00412793   0.0131905   0.0141824   0.023165   0.040213   0.0535638   0.0790856   1   0.0157823   -0.0790424   -0.0134655   -0.000564005   -0.00199362   0.0122421   0.000502433   0.00467225   0.00325136   -0.00640184   0.0464772   -0.0679423   -5.97464e-08   -0.00214177   0.0138065   -0.000866833   -0.00277729   -0.0088533   0.0201514   0.00607791   -0.027975   0.0186483   -0.000730033   0.0074191   -0.00176308   -0.0169944   0.0245543   -0.00141053   -0.00392219   0.00051719   -0.000517255   -0.000658326   -0.000657222   0.000647094   0.000663363   0.00051727   0.000814737   -0.000669198   0.0297486   0.000658054   -0.000593781   0.000646664   0.00064664   -0.000797475   0.000344387   0.0092035   0.0519757   -0.00403217   0.00162914   -0.0127057   0.000100093   -0.000684225   -0.00091691   0.0109363   -0.068756   
0.0034832   0.0149569   0.00101021   0.00911755   -0.00758386   0.0251852   0.0277758   0.0709637   1   0.0790856   -0.00948526   -0.109818   -0.127838   -0.0188379   0.00231448   -0.0116105   -0.000761456   -0.00280707   -0.00320444   0.0021498   -0.025823   -0.0196916   1.88801e-07   0.00529656   0.0194222   0.00343947   0.000227029   -0.00590878   -0.0330895   -0.00220625   -0.146703   0.000311886   0.00396556   0.00867866   0.0049831   -0.0046537   -0.00214095   0.00501183   0.00406829   -0.000600508   0.000600494   0.000814122   0.000812979   -0.000797293   -0.000620044   -0.000600527   -0.000849614   0.000830587   0.00219135   -0.000813939   -0.00218387   -0.000812476   -0.000796852   0.00131991   -4.85528e-05   -0.00603489   0.00118331   0.00589619   -0.00153207   0.0116558   -0.000151757   0.000880644   0.00115989   -0.011506   0.0912297   
0.0146265   0.00604328   0.0113425   0.0131331   0.00978023   0.0413126   0.0648371   1   0.0709637   0.0535638   0.00932212   -0.0440297   0.0131147   0.00309726   -0.000278211   -0.0114981   0.000477695   0.00276018   0.00236081   -0.00554145   -0.0111922   0.121394   1.34647e-07   -0.00198299   -0.0759795   0.000356451   0.00825888   0.00781915   -0.00256509   -0.00307131   -0.0102922   -0.00575834   -0.00242573   -0.00107052   0.00100821   -0.000797601   0.000690766   -0.00268283   0.00644591   7.20724e-05   -7.20994e-05   -0.000205934   -0.000206049   0.000195616   -0.00079716   7.21375e-05   -0.000652784   -0.000216425   -0.0117961   0.000205962   0.00338772   0.000141049   0.000195687   -0.000760836   -0.00203488   -0.00857985   0.00528169   -0.000954967   -0.000502222   0.00973328   9.51756e-05   0.000488434   0.000801674   -0.00899039   -0.0976467   
0.0144863   -0.00155914   0.0145486   0.0205279   0.0297337   0.0408834   1   0.0648371   0.0277758   0.040213   0.0209791   0.0237897   0.078581   0.0125028   0.000387798   0.0107189   0.000281961   0.00621072   -0.00030548   0.00862869   0.00179155   0.0468509   -2.04917e-07   -0.0056188   0.0148809   -0.00410283   -0.00301932   -0.00701946   0.0359301   -0.00280269   0.0473096   -0.0102062   -0.00293504   -0.0073199   -0.00662318   0.00547946   -0.0089979   -0.00293789   -0.00736603   -0.000100657   0.000100636   2.17235e-05   2.12814e-05   -2.77971e-05   0.000543529   -0.00010062   0.00062785   1.54825e-05   -0.00438209   -2.1655e-05   0.000882994   -1.65736e-06   -2.76142e-05   -0.000321729   0.00150789   0.0102665   -0.000104688   -0.00126379   0.000305225   -0.0082285   5.62005e-05   -0.000937062   -0.0013271   0.0109645   -0.185393   
0.0106317   0.00461415   0.0116362   0.016242   0.0206065   1   0.0408834   0.0413126   0.0251852   0.023165   -0.00235674   0.0714158   -0.00701667   -0.00265732   0.00441686   0.00249273   -0.000341608   -0.000697103   0.000422015   -0.0130227   0.00345185   0.026134   2.32036e-08   0.000891359   0.00763051   0.000252764   0.00302862   0.0127654   0.00271509   0.00168183   0.00935511   -0.00656991   -0.00405945   -0.017478   -0.00346607   0.0100864   -0.00669242   -0.00279476   -0.00206993   -0.00114598   0.00114586   0.00124242   0.00123937   -0.00123431   -0.0016019   -0.00114612   -0.00170503   0.00124943   -0.0140191   -0.00124187   0.00309347   -0.0012009   -0.0012332   -0.00122962   -0.00107219   -0.0197876   -0.0202385   -0.000989928   0.000979549   -0.003395   -6.81175e-05   -0.000280843   -0.000472702   0.00222961   -0.0671415   
0.00536006   -0.00531438   0.00969248   0.0137784   1   0.0206065   0.0297337   0.00978023   -0.00758386   0.0141824   0.00165003   0.0472458   0.0118562   0.000973996   0.00111453   -0.00558322   -7.74103e-05   0.000488717   0.000145054   0.00570681   -0.0115531   -0.0880078   1.18128e-07   -0.000441491   0.000807493   -0.000664047   -0.00108118   0.00240327   -0.0025315   0.000592546   0.128036   0.000395944   0.000139691   0.000416486   0.000708969   0.00346048   -0.00397057   0.000528049   0.00238399   -0.000289186   0.000289128   0.000311042   0.000310275   -0.000309211   -0.000325217   -0.000289218   -0.000348633   0.000312595   -0.003762   -0.000310912   0.00113762   -0.000327285   -0.000308926   0.000955371   -8.55104e-05   0.0188083   -0.0108985   0.000218547   -0.000463463   0.00481776   -1.54437e-05   0.000661698   0.000958602   -0.00637985   -0.0814717   
0.00760828   0.00379391   0.0067308   1   0.0137784   0.016242   0.0205279   0.0131331   0.00911755   0.0131905   -0.00820812   0.0681577   0.040891   0.00533274   -0.00299562   0.00340245   0.000229342   -0.00242935   -0.000595482   0.00536096   0.00273677   -0.0443869   -7.94707e-08   5.89036e-05   0.0054041   -0.00155469   -0.00390967   -0.000456206   0.000373128   -0.000894869   -0.0330647   0.00645796   0.00104123   0.00323679   0.000611016   0.00181064   0.00165038   1.97743e-05   0.00011451   0.000777234   -0.000777134   -0.000841991   -0.000839906   0.000836485   0.00103705   0.000777301   0.00110637   -0.000846696   0.00173298   0.000841555   -0.000599299   0.000836945   0.00083572   0.000610175   0.000611621   0.00313746   -0.0104897   -0.00272985   0.000375632   -0.00371026   4.57221e-05   0.000100934   0.00018863   0.00190684   -0.0642774   
0.00530682   0.00169755   1   0.0067308   0.00969248   0.0116362   0.0145486   0.0113425   0.00101021   0.00412793   -0.0133532   0.0359849   0.0107293   0.00102002   0.00110274   0.00223618   -0.000665815   -0.00395244   -0.00126616   0.00129368   0.00651957   0.00729754   -2.27551e-08   0.00169727   0.00206596   0.00517531   -0.000154661   0.00296959   -0.00442565   3.3615e-05   0.0151357   0.0017306   0.00407812   0.00026969   0.00395076   0.0026238   -0.00305893   0.00475752   -0.00122038   -0.000286112   0.00028608   0.000472708   0.00047238   -0.000458289   -0.000241224   -0.000286153   -0.000441721   0.000487222   -0.00151987   -0.00047273   -0.00445142   -0.000489233   -0.000458129   -0.000287626   0.000103987   -0.00580201   -0.0119742   0.00424333   0.0001422   -0.00191161   -0.00013274   -0.000236995   -0.000465274   0.00195107   -0.0325848   
0.00518594   1   0.00169755   0.00379391   -0.00531438   0.00461415   -0.00155914   0.00604328   0.0149569   0.000312745   -0.0248434   0.031668   -0.0191681   -0.00383705   -0.0127368   -0.0084952   -1.20053e-05   -0.00735377   -0.00187751   0.000387062   -0.0155396   0.0130052   -1.065e-07   0.00435818   0.00793268   0.00130132   -0.00207472   0.00117906   -0.0408663   -0.000483793   -0.0506223   0.00544476   0.00767853   0.0162456   0.0111411   -0.00401047   0.00845604   0.00337048   0.010891   0.0033046   -0.00330431   -0.00330361   -0.00329406   0.00330144   0.00331504   0.00330493   0.00331345   -0.00330189   0.00326087   0.00330163   -0.00468671   0.00337941   0.00329799   0.00140948   3.81896e-05   -0.0255439   -0.0184331   -0.0028653   -0.000932744   0.00764694   -2.39249e-06   0.000896893   0.00131561   -0.0090142   0.0424479   
1   0.00518594   0.00530682   0.00760828   0.00536006   0.0106317   0.0144863   0.0146265   0.0034832   0.00133644   -0.0410698   0.0299243   0.0364138   0.00539447   -0.00275586   -0.00560487   1.89029e-05   -0.0121567   -0.00116619   0.00227034   -0.0150287   0.0234064   -6.87373e-08   0.00474986   0.00572984   -0.000123306   -0.00197618   -0.00181825   -0.0292314   0.000816002   -0.00871145   -0.00356492   0.00278522   0.0132588   0.00343724   -0.000429555   -0.000795936   0.00194406   0.00369078   0.000715008   -0.000714954   -0.000720824   -0.000718776   0.000719859   0.000872925   0.000715079   0.000878957   -0.000720934   0.00134925   0.000720384   -0.0013597   0.000745536   0.000719117   0.00117742   0.000372724   0.00541045   -0.0170722   0.000476341   -0.000854821   0.00556653   3.76056e-06   0.00058465   0.000862324   -0.00586807   -0.0305538   


NLL
79.5748

