ttXsec   0.00132328 +0.973905 -0.973905  0.00112849   0.000292773  0.00118821   0.000264435 
VjetXsec   0.000304554 +0.982457 -0.982457  0.000529416   0.0013575  0.000531285   0.00136006 
VVXsec   8.06895e-05 +0.993321 -0.993321  0.000370053   0.000377608  0.00036994   0.000377476 
Lumi   0.000663055 +0.973017 -0.973017  -0.00843086   0.001391  -0.00869521   0.00139099 
stXsec   0.000502967 +0.992415 -0.992415  0.00021177   0.00024944  0.000212348   0.000249824 
LepSF_EL_Trigger   0 +1 -1  6.05878e-08   6.05878e-08  6.05878e-08   6.05878e-08 
LepSF_EL_Reco   0 +1 -1  6.05878e-08   6.05878e-08  6.05878e-08   6.05878e-08 
LepSF_EL_ID   0.000159859 +0.993191 -0.993191  0.00135932   0.000374939  0.00136078   0.000370937 
LepSF_EL_Isol   0 +1 -1  6.05878e-08   6.05878e-08  6.05878e-08   6.05878e-08 
LepSF_MU_ID_STAT   0 +1 -1  6.05878e-08   6.05878e-08  6.05878e-08   6.05878e-08 
LepSF_MU_ID_STAT_LOWPT   0 +1 -1  6.05878e-08   6.05878e-08  6.05878e-08   6.05878e-08 
LepSF_MU_ID_SYST   0 +1 -1  6.05878e-08   6.05878e-08  6.05878e-08   6.05878e-08 
LepSF_MU_ID_SYST_LOWPT   0 +1 -1  6.05878e-08   6.05878e-08  6.05878e-08   6.05878e-08 
LepSF_MU_Isol_STAT   0 +1 -1  6.05878e-08   6.05878e-08  6.05878e-08   6.05878e-08 
LepSF_MU_Isol_SYST   0 +1 -1  6.05878e-08   6.05878e-08  6.05878e-08   6.05878e-08 
LepSF_Mu_TTVA_STAT   0 +1 -1  6.05878e-08   6.05878e-08  6.05878e-08   6.05878e-08 
LepSF_Mu_TTVA_SYST   0 +1 -1  6.05878e-08   6.05878e-08  6.05878e-08   6.05878e-08 
LepSF_Mu_Trigger_STAT   0 +1 -1  6.05878e-08   6.05878e-08  6.05878e-08   6.05878e-08 
LepSF_Mu_Trigger_SYST   0 +1 -1  6.05878e-08   6.05878e-08  6.05878e-08   6.05878e-08 
PhotonSF_ID   1.8625e-07 +0.993346 -0.993346  0.000382928   0.000383266  0.000382934   0.000383273 
PhotonSF_effIso   0 +0.993335 -0.993335  4.14024e-05   4.14024e-05  4.17585e-05   4.17585e-05 
Pileup   -0.00105748 +0.845783 -0.845783  0.00139051   0.001391  0.00139086   -0.198609 
JVT   0.000399041 +0.991644 -0.991644  0.00139051   -0.00302134  0.00139097   -0.00307951 
EGamFake   0.00175184 +0.959707 -0.959707  -0.000247869   0.00138868  -0.0003198   0.00139065 
JGamFake   0.000177972 +0.411137 -0.411137  0.00139099   -0.00903832  0.00139097   -0.0235237 
