NUISANCE_PARAMETERS
SigXsecOverSM  -1 +0.000666031 -0.000666031
Dummy  0.0155315 +0.993322 -0.993322
gamma_stat_CR1_ST_bin_0  7.66441e-08 +53459.7 -53459.7
gamma_stat_CR1_ST_bin_1  7.66441e-08 +53459.7 -53459.7
gamma_stat_CR1_ST_bin_10  0.986667 +0.00191766 -0.00191766
gamma_stat_CR1_ST_bin_11  0.980983 +0.00232662 -0.00232662
gamma_stat_CR1_ST_bin_12  0.980327 +0.00294844 -0.00294844
gamma_stat_CR1_ST_bin_13  0.985031 +0.00316836 -0.00316836
gamma_stat_CR1_ST_bin_14  0.964708 +0.00470466 -0.00470466
gamma_stat_CR1_ST_bin_15  0.980238 +0.00439968 -0.00439968
gamma_stat_CR1_ST_bin_16  0.978341 +0.00568394 -0.00568394
gamma_stat_CR1_ST_bin_17  0.97097 +0.00782526 -0.00782526
gamma_stat_CR1_ST_bin_18  0.974131 +0.00671237 -0.00671237
gamma_stat_CR1_ST_bin_19  0.980358 +0.00774238 -0.00774238
gamma_stat_CR1_ST_bin_2  7.66441e-08 +53459.7 -53459.7
gamma_stat_CR1_ST_bin_20  0.972144 +0.00888427 -0.00888427
gamma_stat_CR1_ST_bin_21  0.97748 +0.00970076 -0.00970076
gamma_stat_CR1_ST_bin_22  0.973644 +0.0108729 -0.0108729
gamma_stat_CR1_ST_bin_23  0.984462 +0.0119391 -0.0119391
gamma_stat_CR1_ST_bin_24  0.976138 +0.0131072 -0.0131072
gamma_stat_CR1_ST_bin_25  0.983156 +0.0142696 -0.0142696
gamma_stat_CR1_ST_bin_26  0.972218 +0.0156979 -0.0156979
gamma_stat_CR1_ST_bin_27  0.980404 +0.0171598 -0.0171598
gamma_stat_CR1_ST_bin_28  0.969871 +0.0210664 -0.0210664
gamma_stat_CR1_ST_bin_29  0.94215 +0.0116648 -0.0116648
gamma_stat_CR1_ST_bin_3  7.66441e-08 +53459.7 -53459.7
gamma_stat_CR1_ST_bin_4  7.66441e-08 +53459.7 -53459.7
gamma_stat_CR1_ST_bin_5  1.01074 +2.10952e-05 -2.10952e-05
gamma_stat_CR1_ST_bin_6  1.00702 +0.000323178 -0.000323178
gamma_stat_CR1_ST_bin_7  0.998698 +0.00108882 -0.00108882
gamma_stat_CR1_ST_bin_8  0.993714 +0.00132297 -0.00132297
gamma_stat_CR1_ST_bin_9  0.989101 +0.00149743 -0.00149743
gamma_stat_CR2_ST_bin_0  4.42622e-07 +53602.3 -53602.3
gamma_stat_CR2_ST_bin_1  4.42622e-07 +53602.3 -53602.3
gamma_stat_CR2_ST_bin_10  0.995957 +0.00131503 -0.00131503
gamma_stat_CR2_ST_bin_11  0.992997 +0.00142348 -0.00142348
gamma_stat_CR2_ST_bin_12  0.992234 +0.00159974 -0.00159974
gamma_stat_CR2_ST_bin_13  0.991382 +0.00177207 -0.00177207
gamma_stat_CR2_ST_bin_14  0.98964 +0.00195935 -0.00195935
gamma_stat_CR2_ST_bin_15  0.991074 +0.00218689 -0.00218689
gamma_stat_CR2_ST_bin_16  0.987452 +0.0024718 -0.0024718
gamma_stat_CR2_ST_bin_17  0.98576 +0.0027349 -0.0027349
gamma_stat_CR2_ST_bin_18  0.982675 +0.00303957 -0.00303957
gamma_stat_CR2_ST_bin_19  0.98455 +0.00342132 -0.00342132
gamma_stat_CR2_ST_bin_2  4.42622e-07 +53602.3 -53602.3
gamma_stat_CR2_ST_bin_20  0.983426 +0.00382609 -0.00382609
gamma_stat_CR2_ST_bin_21  0.980383 +0.004217 -0.004217
gamma_stat_CR2_ST_bin_22  0.975371 +0.00474321 -0.00474321
gamma_stat_CR2_ST_bin_23  0.974893 +0.00517421 -0.00517421
gamma_stat_CR2_ST_bin_24  0.976266 +0.00562817 -0.00562817
gamma_stat_CR2_ST_bin_25  0.974609 +0.00627666 -0.00627666
gamma_stat_CR2_ST_bin_26  0.969914 +0.00676355 -0.00676355
gamma_stat_CR2_ST_bin_27  0.970309 +0.00740944 -0.00740944
gamma_stat_CR2_ST_bin_28  0.969814 +0.00806732 -0.00806732
gamma_stat_CR2_ST_bin_29  0.964727 +0.00332051 -0.00332051
gamma_stat_CR2_ST_bin_3  4.42622e-07 +53602.3 -53602.3
gamma_stat_CR2_ST_bin_4  4.42622e-07 +53602.3 -53602.3
gamma_stat_CR2_ST_bin_5  1.07505 +0.000154482 -0.000154482
gamma_stat_CR2_ST_bin_6  1.01919 +0.000106488 -0.000106488
gamma_stat_CR2_ST_bin_7  1.00953 +0.000190923 -0.000190923
gamma_stat_CR2_ST_bin_8  1.00668 +0.001564 -0.001564
gamma_stat_CR2_ST_bin_9  1.00014 +0.00121984 -0.00121984
mu_tt  1.0564 +0.00111375 -0.00111375


CORRELATION_MATRIX
63   63
0.000217656   -2.58975e-05   -9.67944e-06   -2.44392e-08   -8.51538e-09   -2.73809e-09   0   0   -4.06346e-06   4.84784e-07   -2.30333e-06   -2.61427e-06   -4.50168e-07   -7.63213e-07   -1.24273e-06   -4.38439e-06   -2.43835e-06   -5.44695e-07   0   -6.58065e-06   -2.31129e-06   -3.41537e-06   -2.39275e-06   -1.16779e-05   -3.0116e-06   -2.81043e-06   -5.41474e-06   -7.79308e-06   -1.34144e-05   0   0   9.6597e-06   1.01882e-05   6.09721e-05   -1.22241e-07   -4.88713e-09   -1.18682e-09   -1.18682e-09   -1.07212e-06   -4.6945e-07   -5.116e-07   -5.17947e-07   -6.64239e-07   -7.51155e-07   -8.53289e-07   -1.06607e-06   3.92095e-06   -1.5116e-06   -1.18682e-09   -1.75535e-06   3.0652e-06   6.85407e-06   1.67966e-06   2.18458e-05   3.90849e-06   3.69642e-06   5.7733e-06   3.2398e-06   3.51098e-05   -1.18682e-09   -1.18682e-09   -1.42764e-05   1   
-0.0146856   0.000330529   0.000460283   1.64895e-06   -2.01566e-06   -2.38879e-06   0   0   -7.29054e-05   -1.32388e-05   -1.2928e-05   -1.53254e-05   -9.72322e-06   -9.32069e-06   -8.03582e-06   -4.68714e-06   7.8498e-06   1.09612e-05   0   4.26493e-05   3.43792e-05   4.93414e-05   7.749e-05   0.000115452   0.000120687   0.000157561   0.000204224   0.000243684   0.000297518   0   0   -0.000207744   -0.000178783   -0.00014446   8.24777e-06   3.29741e-07   -5.09711e-06   -5.09711e-06   -0.00010897   -2.01207e-05   3.36698e-05   -4.27484e-05   -3.28833e-05   -5.81257e-05   -4.60279e-05   -7.31709e-05   -8.04806e-05   -7.92277e-05   -5.09711e-06   -9.91913e-05   -0.000110889   -0.0001566   -0.000162444   -0.000139899   -0.000216899   -0.000192222   -0.000226202   -0.00022605   -0.000224369   -5.09711e-06   -5.09711e-06   1   -1.42764e-05   
-4.85107e-06   5.84878e-07   8.01068e-07   5.44696e-10   2.03829e-10   7.40619e-11   0   0   9.24485e-08   4.78116e-08   5.22485e-08   5.93071e-08   6.89572e-08   7.60483e-08   8.69007e-08   9.93489e-08   1.13913e-07   1.2967e-07   0   1.48853e-07   1.69534e-07   1.94467e-07   2.29779e-07   2.63924e-07   3.0195e-07   3.55697e-07   4.14209e-07   4.67522e-07   5.35797e-07   0   0   4.83591e-07   7.00452e-07   9.2571e-07   2.72448e-09   1.08923e-10   5.18568e-06   5.18568e-06   2.48782e-08   1.06184e-08   1.09322e-08   1.18397e-08   -2.59092e-05   -5.16921e-06   1.95799e-08   -5.16291e-06   2.83703e-08   3.46725e-08   5.18568e-06   -5.14669e-06   -5.13667e-06   8.04619e-08   -5.10549e-06   9.28924e-08   -5.03697e-06   1.51463e-07   -4.95864e-06   2.79624e-07   3.76775e-07   5.18568e-06   1   -5.09711e-06   -1.18682e-09   
-4.85107e-06   5.84878e-07   8.01068e-07   5.44696e-10   2.03829e-10   7.40619e-11   0   0   9.24485e-08   4.78116e-08   5.22485e-08   5.93071e-08   6.89572e-08   7.60483e-08   8.69007e-08   9.93489e-08   1.13913e-07   1.2967e-07   0   1.48853e-07   1.69534e-07   1.94467e-07   2.29779e-07   2.63924e-07   3.0195e-07   3.55697e-07   4.14209e-07   4.67522e-07   5.35797e-07   0   0   4.83591e-07   7.00452e-07   9.2571e-07   2.72448e-09   1.08923e-10   5.18568e-06   5.18568e-06   2.48782e-08   1.06184e-08   1.09322e-08   1.18397e-08   -2.59092e-05   -5.16921e-06   1.95799e-08   -5.16291e-06   2.83703e-08   3.46725e-08   5.18568e-06   -5.14669e-06   -5.13667e-06   8.04619e-08   -5.10549e-06   9.28924e-08   -5.03697e-06   1.51463e-07   -4.95864e-06   2.79624e-07   3.76775e-07   1   5.18568e-06   -5.09711e-06   -1.18682e-09   
-0.0762362   0.00907827   0.0124345   8.56008e-06   2.99614e-06   9.58357e-07   0   0   0.00142511   0.000738947   0.000807643   0.000916701   0.0010665   0.00117628   0.00134435   0.00153727   0.00176368   0.00200778   0   0.00230718   0.00262662   0.00301368   0.00356243   0.00409389   0.00468283   0.00551758   0.00642686   0.0072551   0.00831603   0   0   0.00746829   0.010827   0.014316   4.2816e-05   1.71176e-06   3.76775e-07   3.76775e-07   0.000376473   0.000164842   0.000171849   0.000181964   0.000233534   0.000263706   0.00029942   0.000374209   0.000444001   0.0005304   3.76775e-07   0.000616042   0.000743352   0.00123301   0.00122958   0.00142671   0.0022651   0.00233992   0.0034249   0.00431002   1   3.76775e-07   3.76775e-07   -0.000224369   3.51098e-05   
-0.0565164   0.00673011   0.00921821   6.34587e-06   2.22129e-06   7.10615e-07   0   0   0.0010565   0.000547815   0.000598742   0.000679593   0.000790643   0.00087203   0.000996625   0.00113965   0.00130749   0.00148846   0   0.00171041   0.00194723   0.00223417   0.00264098   0.00303498   0.00347158   0.00409042   0.0047645   0.00537851   0.00616503   0   0   0.00553659   0.00802653   0.0106131   3.17409e-05   1.26899e-06   2.79624e-07   2.79624e-07   0.000279103   0.000122206   0.000127397   0.0001349   0.000173131   0.000195501   0.000221976   0.000277422   0.000329162   0.000393214   2.79624e-07   0.000456705   0.000551086   0.000914091   0.000911555   0.00105769   0.00167923   0.0017347   0.00253904   1   0.00431002   2.79624e-07   2.79624e-07   -0.00022605   3.2398e-06   
-0.0449092   0.00534796   0.00732509   5.04257e-06   1.76521e-06   5.64791e-07   0   0   0.000839535   0.000435314   0.000475782   0.000540029   0.000628273   0.000692946   0.000791953   0.000905605   0.00103898   0.00118278   0   0.00135915   0.00154733   0.00177535   0.00209861   0.00241169   0.00275863   0.00325038   0.00378603   0.00427394   0.00489893   0   0   0.00439957   0.00637817   0.00843356   2.52221e-05   1.00837e-06   -4.95864e-06   -4.95864e-06   0.00022179   0.000123009   0.000101233   0.000133098   0.00016348   0.000160536   0.000176392   0.000225636   0.00026675   0.000312465   -4.95864e-06   0.000368101   0.000443098   0.000726376   0.000729542   0.000840484   0.00133957   0.00138364   1   0.00253904   0.0034249   -4.95864e-06   -4.95864e-06   -0.000226202   5.7733e-06   
-0.0306817   0.00365375   0.00500453   3.44506e-06   1.20608e-06   3.85959e-07   0   0   0.000573579   0.00029741   0.000325058   0.000368952   0.000429241   0.000473426   0.000541068   0.000618716   0.000709837   0.000808083   0   0.000928579   0.00105715   0.00121293   0.00143378   0.00164768   0.00188471   0.00222068   0.00258663   0.00291998   0.00334697   0   0   0.00300583   0.00435761   0.00576187   1.72316e-05   6.8891e-07   1.51463e-07   1.51463e-07   0.000151532   6.6347e-05   6.91616e-05   7.32405e-05   0.000119917   0.000106142   0.000120514   0.000150618   0.000178708   0.000213481   1.51463e-07   0.000247953   0.000299193   0.000496271   0.000494895   0.00057423   0.000911671   1   0.00138364   0.0017347   0.00233992   1.51463e-07   1.51463e-07   -0.000192222   3.69642e-06   
-0.0297001   0.0035369   0.00484448   3.33484e-06   1.16757e-06   3.7369e-07   0   0   0.000555238   0.000287899   0.000314663   0.000357154   0.000415514   0.000458286   0.000523765   0.00059893   0.000687137   0.000782241   0   0.000898882   0.00102334   0.00117414   0.00138793   0.00159499   0.00182444   0.00214966   0.00250391   0.00282659   0.00323993   0   0   0.00290971   0.00421827   0.00557762   1.66803e-05   6.66869e-07   -5.03697e-06   -5.03697e-06   0.00014669   6.42259e-05   6.69488e-05   7.08997e-05   0.000116909   0.00010275   0.000116662   0.000145804   0.000172996   0.000206657   -5.03697e-06   0.000245212   0.000294812   0.000480406   0.000479074   0.000555871   1   0.000911671   0.00133957   0.00167923   0.0022651   -5.03697e-06   -5.03697e-06   -0.000216899   3.90849e-06   
-0.018707   0.00222777   0.00305136   2.10049e-06   7.35419e-07   2.35382e-07   0   0   0.000349725   0.000181338   0.000198195   0.000224958   0.000261718   0.000288658   0.000329901   0.000377245   0.000432803   0.000492706   0   0.000566174   0.000644565   0.000739547   0.000874208   0.00100462   0.00114915   0.00135399   0.00157712   0.00178037   0.00204072   0   0   0.00183272   0.00265694   0.00351314   1.05063e-05   4.20036e-07   9.28924e-08   9.28924e-08   9.3049e-05   4.04536e-05   -0.000766367   4.46572e-05   5.73116e-05   6.4718e-05   7.41351e-05   9.18364e-05   0.000108964   0.000130166   9.28924e-08   0.000151184   0.000182427   0.000302591   0.000301752   1   0.000555871   0.00057423   0.000840484   0.00105769   0.00142671   9.28924e-08   9.28924e-08   -0.000139899   2.18458e-05   
-0.0161216   0.00191993   0.00262973   1.81019e-06   6.33888e-07   2.02958e-07   0   0   0.000301405   0.000156282   0.000170811   0.000193876   0.000225556   0.000248774   0.000284318   0.00032512   0.000373001   0.000424626   0   0.000487942   0.000555502   0.000637359   0.000753413   0.000865807   0.000990361   0.0011669   0.0013592   0.00153436   0.00175873   0   0   0.0015795   0.00228983   0.00302773   9.05425e-06   3.61984e-07   -5.10549e-06   -5.10549e-06   7.96331e-05   3.4865e-05   3.63406e-05   3.84887e-05   7.53192e-05   5.5779e-05   6.333e-05   8.43378e-05   9.3912e-05   0.000112184   -5.10549e-06   0.000135486   0.00016241   0.000260787   1   0.000301752   0.000479074   0.000494895   0.000729542   0.000911555   0.00122958   -5.10549e-06   -5.10549e-06   -0.000162444   1.67966e-06   
-0.0161665   0.00192528   0.00263705   1.81524e-06   6.3564e-07   2.03508e-07   0   0   0.000302244   0.000156717   0.000171286   0.000194415   0.000226184   0.000249466   0.00028511   0.000326025   0.000374039   0.000425809   0   0.000489301   0.000557049   0.000639134   0.000755511   0.000868218   0.000993119   0.00117015   0.00136298   0.00153863   0.00176363   0   0   0.00158389   0.0022962   0.00303615   9.07952e-06   3.62994e-07   8.04619e-08   8.04619e-08   7.98541e-05   3.49618e-05   3.6442e-05   3.85955e-05   4.95314e-05   5.5933e-05   6.3506e-05   7.937e-05   9.41723e-05   0.000112496   8.04619e-08   0.000130661   0.000157662   1   0.000260787   0.000302591   0.000480406   0.000496271   0.000726376   0.000914091   0.00123301   8.04619e-08   8.04619e-08   -0.0001566   6.85407e-06   
-0.00974616   0.0011607   0.0015898   1.09433e-06   3.83245e-07   1.22729e-07   0   0   0.000182217   9.44811e-05   0.000103264   0.000117208   0.000136361   0.000150397   0.000171885   0.000196552   0.000225499   0.000256709   0   0.000294986   0.00033583   0.000385317   0.000455477   0.000523425   0.000598725   0.000705451   0.000821705   0.000927599   0.00106324   0   0   0.000954894   0.00138432   0.00183042   5.47368e-06   2.18835e-07   -5.13667e-06   -5.13667e-06   4.81438e-05   2.1078e-05   2.19694e-05   2.32691e-05   5.57844e-05   3.89078e-05   3.82869e-05   5.30385e-05   5.67761e-05   6.78221e-05   -5.13667e-06   8.39603e-05   1   0.000157662   0.00016241   0.000182427   0.000294812   0.000299193   0.000443098   0.000551086   0.000743352   -5.13667e-06   -5.13667e-06   -0.000110889   3.0652e-06   
-0.00807686   0.000961906   0.00131752   9.06899e-07   3.17622e-07   1.01727e-07   0   0   0.000151009   7.82997e-05   8.55786e-05   9.71346e-05   0.000113007   0.000124639   0.000142447   0.000162889   0.000186878   0.000212743   0   0.000244465   0.000278313   0.000319325   0.000377468   0.000433779   0.000496182   0.000584629   0.000680973   0.00076873   0.000881142   0   0   0.000791353   0.00114724   0.00151693   4.53615e-06   1.81353e-07   -5.14669e-06   -5.14669e-06   3.98992e-05   1.74682e-05   1.82065e-05   1.92842e-05   5.06791e-05   3.31345e-05   3.173e-05   4.48454e-05   5.22411e-05   5.6207e-05   -5.14669e-06   1   8.39603e-05   0.000130661   0.000135486   0.000151184   0.000245212   0.000247953   0.000368101   0.000456705   0.000616042   -5.14669e-06   -5.14669e-06   -9.91913e-05   -1.75535e-06   
-4.85107e-06   5.84878e-07   8.01068e-07   5.44696e-10   2.03829e-10   7.40619e-11   0   0   9.24485e-08   4.78116e-08   5.22485e-08   5.93071e-08   6.89572e-08   7.60483e-08   8.69007e-08   9.93489e-08   1.13913e-07   1.2967e-07   0   1.48853e-07   1.69534e-07   1.94467e-07   2.29779e-07   2.63924e-07   3.0195e-07   3.55697e-07   4.14209e-07   4.67522e-07   5.35797e-07   0   0   4.83591e-07   7.00452e-07   9.2571e-07   2.72448e-09   1.08923e-10   5.18568e-06   5.18568e-06   2.48782e-08   1.06184e-08   1.09322e-08   1.18397e-08   -2.59092e-05   -5.16921e-06   1.95799e-08   -5.16291e-06   2.83703e-08   3.46725e-08   1   -5.14669e-06   -5.13667e-06   8.04619e-08   -5.10549e-06   9.28924e-08   -5.03697e-06   1.51463e-07   -4.95864e-06   2.79624e-07   3.76775e-07   5.18568e-06   5.18568e-06   -5.09711e-06   -1.18682e-09   
-0.00695412   0.000828186   0.00113436   7.80834e-07   2.73455e-07   8.75707e-08   0   0   0.000130016   6.74145e-05   7.36816e-05   8.36311e-05   9.72966e-05   0.000107312   0.000122644   0.000140245   0.000160899   0.000183168   0   0.00021048   0.000239623   0.000274933   0.000324994   0.000373477   0.000427205   0.000503356   0.000586307   0.000661865   0.000758649   0   0   0.00068134   0.000987749   0.00130605   3.9056e-06   1.56144e-07   3.46725e-08   3.46725e-08   3.43518e-05   1.50396e-05   1.56757e-05   1.6603e-05   2.13071e-05   2.40612e-05   2.73187e-05   3.41432e-05   4.05106e-05   1   3.46725e-08   5.6207e-05   6.78221e-05   0.000112496   0.000112184   0.000130166   0.000206657   0.000213481   0.000312465   0.000393214   0.0005304   3.46725e-08   3.46725e-08   -7.92277e-05   -1.5116e-06   
-0.00582108   0.00069327   0.000949569   6.53613e-07   2.28937e-07   7.33392e-08   0   0   0.000108837   5.64329e-05   6.1679e-05   7.00077e-05   8.14471e-05   8.98309e-05   0.000102666   0.000117399   0.000134688   0.00015333   0   0.000176192   0.000200588   0.000230146   0.000272051   0.000312635   0.000357611   0.000421357   0.000490794   0.000554043   0.000635061   0   0   0.000570352   0.000826847   0.0010933   3.26926e-06   1.30703e-07   2.83703e-08   2.83703e-08   2.87574e-05   1.25901e-05   1.31216e-05   1.38991e-05   4.37705e-05   2.01431e-05   2.28691e-05   2.8583e-05   1   4.05106e-05   2.83703e-08   5.22411e-05   5.67761e-05   9.41723e-05   9.3912e-05   0.000108964   0.000172996   0.000178708   0.00026675   0.000329162   0.000444001   2.83703e-08   2.83703e-08   -8.04806e-05   3.92095e-06   
-0.00490598   0.000584292   0.000800303   5.50862e-07   1.92961e-07   6.18237e-08   0   0   9.17295e-05   4.75622e-05   5.19837e-05   5.90032e-05   6.86444e-05   7.57104e-05   8.65276e-05   9.89449e-05   0.000113516   0.000129228   0   0.000148496   0.000169057   0.000193969   0.000229287   0.000263491   0.000301397   0.000355123   0.000413645   0.000466951   0.000535233   0   0   0.000480699   0.000696875   0.000921441   2.75532e-06   1.10156e-07   -5.16291e-06   -5.16291e-06   2.42376e-05   1.06111e-05   1.10589e-05   1.17145e-05   4.09667e-05   2.21649e-05   1.92745e-05   1   2.8583e-05   3.41432e-05   -5.16291e-06   4.48454e-05   5.30385e-05   7.937e-05   8.43378e-05   9.18364e-05   0.000145804   0.000150618   0.000225636   0.000277422   0.000374209   -5.16291e-06   -5.16291e-06   -7.31709e-05   -1.06607e-06   
-0.00392571   0.000467526   0.000640369   4.40793e-07   1.54373e-07   4.94384e-08   0   0   7.33965e-05   3.80567e-05   4.15946e-05   4.72113e-05   5.49257e-05   6.05796e-05   6.9235e-05   7.91708e-05   9.08303e-05   0.000103402   0   0.00011882   0.000135271   0.000155205   0.000183465   0.000210834   0.000241165   0.000284154   0.000330981   0.000373634   0.000428271   0   0   0.000384629   0.000557602   0.00073729   2.20477e-06   8.81456e-08   1.95799e-08   1.95799e-08   2.00464e-05   8.49016e-06   -0.000799869   9.37273e-06   1.20283e-05   1.3583e-05   1   1.92745e-05   2.28691e-05   2.73187e-05   1.95799e-08   3.173e-05   3.82869e-05   6.3506e-05   6.333e-05   7.41351e-05   0.000116662   0.000120514   0.000176392   0.000221976   0.00029942   1.95799e-08   1.95799e-08   -4.60279e-05   -8.53289e-07   
-0.00345715   0.000411748   0.00056397   3.88181e-07   1.35993e-07   4.35828e-08   0   0   6.46422e-05   3.35171e-05   3.66329e-05   4.15796e-05   4.83737e-05   5.33531e-05   6.0976e-05   6.97265e-05   7.99949e-05   9.10666e-05   0   0.000104645   0.000119134   0.000136689   0.000161578   0.000185681   0.000212394   0.000250254   0.000291494   0.000329059   0.000377177   0   0   0.00033875   0.000491088   0.00064934   1.94162e-06   7.76248e-08   -5.16921e-06   -5.16921e-06   1.70809e-05   7.47784e-06   7.79295e-06   8.25553e-06   3.65231e-05   1   1.3583e-05   2.21649e-05   2.01431e-05   2.40612e-05   -5.16921e-06   3.31345e-05   3.89078e-05   5.5933e-05   5.5779e-05   6.4718e-05   0.00010275   0.000106142   0.000160536   0.000195501   0.000263706   -5.16921e-06   -5.16921e-06   -5.81257e-05   -7.51155e-07   
-0.00306192   0.00036465   0.00049946   3.43804e-07   1.20398e-07   3.85525e-08   0   0   5.72458e-05   2.96825e-05   3.24419e-05   3.68226e-05   4.28396e-05   4.72493e-05   5.40002e-05   6.17497e-05   7.08436e-05   8.06488e-05   0   9.26742e-05   0.000105506   0.000121053   0.000143095   0.000164442   0.000188098   0.000221628   0.000258151   0.000291419   0.000334033   0   0   0.000299993   0.000434904   0.000575053   1.71965e-06   6.87506e-08   -2.59092e-05   -2.59092e-05   1.51248e-05   6.62256e-06   6.90206e-06   7.31085e-06   1   3.65231e-05   1.20283e-05   4.09667e-05   4.37705e-05   2.13071e-05   -2.59092e-05   5.06791e-05   5.57844e-05   4.95314e-05   7.53192e-05   5.73116e-05   0.000116909   0.000119917   0.00016348   0.000173131   0.000233534   -2.59092e-05   -2.59092e-05   -3.28833e-05   -6.64239e-07   
-0.00238547   0.000284115   0.000389151   2.67849e-07   9.38434e-08   3.00794e-08   0   0   4.46048e-05   2.31276e-05   2.52776e-05   2.86909e-05   3.3379e-05   3.68149e-05   4.20749e-05   4.81128e-05   5.51983e-05   6.2838e-05   0   7.22072e-05   8.22051e-05   9.43185e-05   0.000111492   0.000128124   0.000146556   0.00017268   0.000201137   0.000227057   0.00026026   0   0   0.000233745   0.000338862   0.00044806   1.33974e-06   5.3562e-08   1.18397e-08   1.18397e-08   1.17865e-05   5.16051e-06   5.37722e-06   1   7.31085e-06   8.25553e-06   9.37273e-06   1.17145e-05   1.38991e-05   1.6603e-05   1.18397e-08   1.92842e-05   2.32691e-05   3.85955e-05   3.84887e-05   4.46572e-05   7.08997e-05   7.32405e-05   0.000133098   0.0001349   0.000181964   1.18397e-08   1.18397e-08   -4.27484e-05   -5.17947e-07   
-0.00225417   0.000268372   0.000367589   2.53107e-07   8.84862e-08   2.82333e-08   0   0   4.2124e-05   2.18431e-05   2.38738e-05   2.70976e-05   3.15259e-05   3.47711e-05   3.97393e-05   4.54424e-05   5.21356e-05   5.93515e-05   0   6.82031e-05   7.76456e-05   8.90879e-05   0.00010531   0.000121022   0.000138432   0.000163109   0.00018999   0.000214474   0.000245838   0   0   0.000220758   0.000320044   0.000423183   1.266e-06   5.06139e-08   1.09322e-08   1.09322e-08   -0.000797618   4.872e-06   1   5.37722e-06   6.90206e-06   7.79295e-06   -0.000799869   1.10589e-05   1.31216e-05   1.56757e-05   1.09322e-08   1.82065e-05   2.19694e-05   3.6442e-05   3.63406e-05   -0.000766367   6.69488e-05   6.91616e-05   0.000101233   0.000127397   0.000171849   1.09322e-08   1.09322e-08   3.36698e-05   -5.116e-07   
-0.00216134   0.000257393   0.000352551   2.42683e-07   8.49778e-08   2.72053e-08   0   0   4.04073e-05   2.09517e-05   2.28994e-05   2.59916e-05   3.02387e-05   3.33514e-05   3.81166e-05   4.35867e-05   5.00058e-05   5.69269e-05   0   6.54152e-05   7.44725e-05   8.54466e-05   0.000101005   0.000116073   0.000132771   0.000156439   0.000182219   0.000205702   0.000235782   0   0   0.000211753   0.000306981   0.000405907   1.21386e-06   4.85294e-08   1.06184e-08   1.06184e-08   1.06757e-05   1   4.872e-06   5.16051e-06   6.62256e-06   7.47784e-06   8.49016e-06   1.06111e-05   1.25901e-05   1.50396e-05   1.06184e-08   1.74682e-05   2.1078e-05   3.49618e-05   3.4865e-05   4.04536e-05   6.42259e-05   6.6347e-05   0.000123009   0.000122206   0.000164842   1.06184e-08   1.06184e-08   -2.01207e-05   -4.6945e-07   
-0.00493504   0.000587803   0.000805112   5.54125e-07   1.94196e-07   6.22809e-08   0   0   9.22851e-05   4.78494e-05   5.22975e-05   5.93595e-05   6.90586e-05   7.61672e-05   8.70496e-05   9.95416e-05   0.000114201   0.000130006   0   0.00014939   0.000170075   0.000195136   0.000230666   0.000265076   0.00030321   0.000357258   0.000416131   0.000469758   0.00053845   0   0   0.000483605   0.000701083   0.000927002   2.77164e-06   1.10809e-07   2.48782e-08   2.48782e-08   1   1.06757e-05   -0.000797618   1.17865e-05   1.51248e-05   1.70809e-05   2.00464e-05   2.42376e-05   2.87574e-05   3.43518e-05   2.48782e-08   3.98992e-05   4.81438e-05   7.98541e-05   7.96331e-05   9.3049e-05   0.00014669   0.000151532   0.00022179   0.000279103   0.000376473   2.48782e-08   2.48782e-08   -0.00010897   -1.07212e-06   
-4.85107e-06   5.84878e-07   8.01068e-07   5.44696e-10   2.03829e-10   7.40619e-11   0   0   9.24485e-08   4.78116e-08   5.22485e-08   5.93071e-08   6.89572e-08   7.60483e-08   8.69007e-08   9.93489e-08   1.13913e-07   1.2967e-07   0   1.48853e-07   1.69534e-07   1.94467e-07   2.29779e-07   2.63924e-07   3.0195e-07   3.55697e-07   4.14209e-07   4.67522e-07   5.35797e-07   0   0   4.83591e-07   7.00452e-07   9.2571e-07   2.72448e-09   1.08923e-10   5.18568e-06   1   2.48782e-08   1.06184e-08   1.09322e-08   1.18397e-08   -2.59092e-05   -5.16921e-06   1.95799e-08   -5.16291e-06   2.83703e-08   3.46725e-08   5.18568e-06   -5.14669e-06   -5.13667e-06   8.04619e-08   -5.10549e-06   9.28924e-08   -5.03697e-06   1.51463e-07   -4.95864e-06   2.79624e-07   3.76775e-07   5.18568e-06   5.18568e-06   -5.09711e-06   -1.18682e-09   
-4.85107e-06   5.84878e-07   8.01068e-07   5.44696e-10   2.03829e-10   7.40619e-11   0   0   9.24485e-08   4.78116e-08   5.22485e-08   5.93071e-08   6.89572e-08   7.60483e-08   8.69007e-08   9.93489e-08   1.13913e-07   1.2967e-07   0   1.48853e-07   1.69534e-07   1.94467e-07   2.29779e-07   2.63924e-07   3.0195e-07   3.55697e-07   4.14209e-07   4.67522e-07   5.35797e-07   0   0   4.83591e-07   7.00452e-07   9.2571e-07   2.72448e-09   1.08923e-10   1   5.18568e-06   2.48782e-08   1.06184e-08   1.09322e-08   1.18397e-08   -2.59092e-05   -5.16921e-06   1.95799e-08   -5.16291e-06   2.83703e-08   3.46725e-08   5.18568e-06   -5.14669e-06   -5.13667e-06   8.04619e-08   -5.10549e-06   9.28924e-08   -5.03697e-06   1.51463e-07   -4.95864e-06   2.79624e-07   3.76775e-07   5.18568e-06   5.18568e-06   -5.09711e-06   -1.18682e-09   
-2.24534e-05   2.67321e-06   3.66149e-06   2.52115e-09   8.8141e-10   2.81241e-10   0   0   4.19591e-07   2.17576e-07   2.37804e-07   2.69915e-07   3.14024e-07   3.4635e-07   3.95837e-07   4.52645e-07   5.19315e-07   5.91192e-07   0   6.79361e-07   7.73416e-07   8.87391e-07   1.04898e-06   1.20548e-06   1.3789e-06   1.6247e-06   1.89246e-06   2.13635e-06   2.44876e-06   0   0   2.19894e-06   3.18791e-06   4.21527e-06   1.26104e-08   1   1.08923e-10   1.08923e-10   1.10809e-07   4.85294e-08   5.06139e-08   5.3562e-08   6.87506e-08   7.76248e-08   8.81456e-08   1.10156e-07   1.30703e-07   1.56144e-07   1.08923e-10   1.81353e-07   2.18835e-07   3.62994e-07   3.61984e-07   4.20036e-07   6.66869e-07   6.8891e-07   1.00837e-06   1.26899e-06   1.71176e-06   1.08923e-10   1.08923e-10   3.29741e-07   -4.88713e-09   
-0.000561624   6.68646e-05   9.15843e-05   6.30612e-08   2.20466e-08   7.03463e-09   0   0   1.04952e-05   5.4422e-06   5.94815e-06   6.75134e-06   7.85464e-06   8.6632e-06   9.90101e-06   1.13219e-05   1.29895e-05   1.47874e-05   0   1.69927e-05   1.93453e-05   2.21962e-05   2.6238e-05   3.01526e-05   3.44901e-05   4.06384e-05   4.73357e-05   5.34361e-05   6.12504e-05   0   0   5.50017e-05   7.97387e-05   0.000105436   1   1.26104e-08   2.72448e-09   2.72448e-09   2.77164e-06   1.21386e-06   1.266e-06   1.33974e-06   1.71965e-06   1.94162e-06   2.20477e-06   2.75532e-06   3.26926e-06   3.9056e-06   2.72448e-09   4.53615e-06   5.47368e-06   9.07952e-06   9.05425e-06   1.05063e-05   1.66803e-05   1.72316e-05   2.52221e-05   3.17409e-05   4.2816e-05   2.72448e-09   2.72448e-09   8.24777e-06   -1.22241e-07   
-0.187734   0.0223549   0.0306195   2.10795e-05   7.37703e-06   2.35893e-06   0   0   0.00350923   0.00181962   0.00198878   0.00225733   0.0026262   0.00289653   0.00331039   0.00378546   0.00434298   0.00494407   0   0.00568133   0.00646794   0.00742106   0.00877235   0.0100811   0.0115313   0.0135868   0.0158259   0.0178654   0.020478   0   0   0.0183902   0.0266608   1   0.000105436   4.21527e-06   9.2571e-07   9.2571e-07   0.000927002   0.000405907   0.000423183   0.00044806   0.000575053   0.00064934   0.00073729   0.000921441   0.0010933   0.00130605   9.2571e-07   0.00151693   0.00183042   0.00303615   0.00302773   0.00351314   0.00557762   0.00576187   0.00843356   0.0106131   0.014316   9.2571e-07   9.2571e-07   -0.00014446   6.09721e-05   
-0.141979   0.0169066   0.023157   1.59419e-05   5.57926e-06   1.78419e-06   0   0   0.00265397   0.00137615   0.00150408   0.00170718   0.00198615   0.0021906   0.00250359   0.00286288   0.00328451   0.00373911   0   0.00429669   0.00489158   0.00561241   0.00663437   0.00762412   0.0087209   0.0102755   0.0119688   0.0135113   0.0154871   0   0   0.0139082   1   0.0266608   7.97387e-05   3.18791e-06   7.00452e-07   7.00452e-07   0.000701083   0.000306981   0.000320044   0.000338862   0.000434904   0.000491088   0.000557602   0.000696875   0.000826847   0.000987749   7.00452e-07   0.00114724   0.00138432   0.0022962   0.00228983   0.00265694   0.00421827   0.00435761   0.00637817   0.00802653   0.010827   7.00452e-07   7.00452e-07   -0.000178783   1.01882e-05   
-0.0979334   0.0116619   0.0159733   1.09963e-05   3.84865e-06   1.2309e-06   0   0   0.00183067   0.000949244   0.00103749   0.00117758   0.00137001   0.00151104   0.00172693   0.00197477   0.0022656   0.00257918   0   0.00296378   0.00337413   0.00387134   0.00457627   0.00525898   0.00601552   0.00708784   0.0082559   0.00931985   0.0106827   0   0   1   0.0139082   0.0183902   5.50017e-05   2.19894e-06   4.83591e-07   4.83591e-07   0.000483605   0.000211753   0.000220758   0.000233745   0.000299993   0.00033875   0.000384629   0.000480699   0.000570352   0.00068134   4.83591e-07   0.000791353   0.000954894   0.00158389   0.0015795   0.00183272   0.00290971   0.00300583   0.00439957   0.00553659   0.00746829   4.83591e-07   4.83591e-07   -0.000207744   9.6597e-06   
0   0   0   0   0   0   0   0   0   0   0   0   0   0   0   0   0   0   0   0   0   0   0   0   0   0   0   0   0   0   1   0   0   0   0   0   0   0   0   0   0   0   0   0   0   0   0   0   0   0   0   0   0   0   0   0   0   0   0   0   0   0   0   
0   0   0   0   0   0   0   0   0   0   0   0   0   0   0   0   0   0   0   0   0   0   0   0   0   0   0   0   0   1   0   0   0   0   0   0   0   0   0   0   0   0   0   0   0   0   0   0   0   0   0   0   0   0   0   0   0   0   0   0   0   0   0   
-0.109059   0.012986   0.0177869   1.22456e-05   4.28451e-06   1.36938e-06   0   0   0.00203847   0.001057   0.00115527   0.00131127   0.00152554   0.00168258   0.00192299   0.00219896   0.00252282   0.00287199   0   0.00330028   0.00375721   0.00431088   0.00509585   0.00585609   0.00669852   0.0078926   0.00919328   0.010378   1   0   0   0.0106827   0.0154871   0.020478   6.12504e-05   2.44876e-06   5.35797e-07   5.35797e-07   0.00053845   0.000235782   0.000245838   0.00026026   0.000334033   0.000377177   0.000428271   0.000535233   0.000635061   0.000758649   5.35797e-07   0.000881142   0.00106324   0.00176363   0.00175873   0.00204072   0.00323993   0.00334697   0.00489893   0.00616503   0.00831603   5.35797e-07   5.35797e-07   0.000297518   -1.34144e-05   
-0.0951458   0.0113293   0.0155177   1.06833e-05   3.73794e-06   1.19472e-06   0   0   0.00177841   0.000922154   0.00100788   0.00114398   0.00133092   0.00146792   0.00167766   0.00191842   0.00220096   0.00250559   0   0.00287924   0.00327788   0.00376091   0.00444573   0.00510898   0.00584394   0.00688568   0.00802043   1   0.010378   0   0   0.00931985   0.0135113   0.0178654   5.34361e-05   2.13635e-06   4.67522e-07   4.67522e-07   0.000469758   0.000205702   0.000214474   0.000227057   0.000291419   0.000329059   0.000373634   0.000466951   0.000554043   0.000661865   4.67522e-07   0.00076873   0.000927599   0.00153863   0.00153436   0.00178037   0.00282659   0.00291998   0.00427394   0.00537851   0.0072551   4.67522e-07   4.67522e-07   0.000243684   -7.79308e-06   
-0.0842837   0.0100359   0.0137462   9.46368e-06   3.31124e-06   1.05836e-06   0   0   0.00157538   0.000816881   0.000892821   0.00101338   0.00117898   0.00130034   0.00148614   0.00169941   0.0019497   0.00221955   0   0.00255054   0.00290367   0.00333156   0.00393821   0.00452574   0.00517679   0.00609961   1   0.00802043   0.00919328   0   0   0.0082559   0.0119688   0.0158259   4.73357e-05   1.89246e-06   4.14209e-07   4.14209e-07   0.000416131   0.000182219   0.00018999   0.000201137   0.000258151   0.000291494   0.000330981   0.000413645   0.000490794   0.000586307   4.14209e-07   0.000680973   0.000821705   0.00136298   0.0013592   0.00157712   0.00250391   0.00258663   0.00378603   0.0047645   0.00642686   4.14209e-07   4.14209e-07   0.000204224   -5.41474e-06   
-0.0723588   0.00861603   0.0118014   8.12472e-06   2.8428e-06   -1.6779e-06   0   0   0.00135508   0.000701307   0.000766504   0.000872594   0.00101218   0.00111637   0.00127587   0.00146156   0.00167644   0.00190553   0   0.00220261   0.00249285   0.00286021   0.00338102   0.00389834   0.00444437   1   0.00609961   0.00688568   0.0078926   0   0   0.00708784   0.0102755   0.0135868   4.06384e-05   1.6247e-06   3.55697e-07   3.55697e-07   0.000357258   0.000156439   0.000163109   0.00017268   0.000221628   0.000250254   0.000284154   0.000355123   0.000421357   0.000503356   3.55697e-07   0.000584629   0.000705451   0.00117015   0.0011669   0.00135399   0.00214966   0.00222068   0.00325038   0.00409042   0.00551758   3.55697e-07   3.55697e-07   0.000157561   -2.81043e-06   
-0.0614115   0.0073125   0.0100159   6.8955e-06   2.41274e-06   7.71221e-07   0   0   0.00114788   0.000595206   0.000650539   0.000738384   0.000859044   0.000947473   0.00108285   0.00123825   0.00142062   0.00161724   0   0.00185841   0.00211571   0.00242748   0.0028695   0.0032976   1   0.00444437   0.00517679   0.00584394   0.00669852   0   0   0.00601552   0.0087209   0.0115313   3.44901e-05   1.3789e-06   3.0195e-07   3.0195e-07   0.00030321   0.000132771   0.000138432   0.000146556   0.000188098   0.000212394   0.000241165   0.000301397   0.000357611   0.000427205   3.0195e-07   0.000496182   0.000598725   0.000993119   0.000990361   0.00114915   0.00182444   0.00188471   0.00275863   0.00347158   0.00468283   3.0195e-07   3.0195e-07   0.000120687   -3.0116e-06   
-0.0536882   0.00639285   0.00875628   6.02831e-06   2.10928e-06   -1.22696e-05   0   0   0.00101646   0.000520351   0.000568724   0.000658467   0.000751008   0.000828315   0.000946664   0.00109547   0.0012549   0.00141385   0   0.00168937   0.00184963   0.00212219   0.00250862   1   0.0032976   0.00389834   0.00452574   0.00510898   0.00585609   0   0   0.00525898   0.00762412   0.0100811   3.01526e-05   1.20548e-06   2.63924e-07   2.63924e-07   0.000265076   0.000116073   0.000121022   0.000128124   0.000164442   0.000185681   0.000210834   0.000263491   0.000312635   0.000373477   2.63924e-07   0.000433779   0.000523425   0.000868218   0.000865807   0.00100462   0.00159499   0.00164768   0.00241169   0.00303498   0.00409389   2.63924e-07   2.63924e-07   0.000115452   -1.16779e-05   
-0.0467181   0.00556293   0.00761954   5.24568e-06   1.8355e-06   5.86735e-07   0   0   0.000873242   0.000452799   0.000494894   0.000561721   0.000653512   0.000720783   0.000823769   0.000941988   0.00108072   0.0012303   0   0.00141377   0.00160951   0.00184669   1   0.00250862   0.0028695   0.00338102   0.00393821   0.00444573   0.00509585   0   0   0.00457627   0.00663437   0.00877235   2.6238e-05   1.04898e-06   2.29779e-07   2.29779e-07   0.000230666   0.000101005   0.00010531   0.000111492   0.000143095   0.000161578   0.000183465   0.000229287   0.000272051   0.000324994   2.29779e-07   0.000377468   0.000455477   0.000755511   0.000753413   0.000874208   0.00138793   0.00143378   0.00209861   0.00264098   0.00356243   2.29779e-07   2.29779e-07   7.749e-05   -2.39275e-06   
-0.0395214   0.00470601   0.00644581   4.43761e-06   1.55279e-06   4.96393e-07   0   0   0.000738729   0.00038305   0.00041866   0.000475193   0.000552845   0.000609754   0.000696875   0.000796884   0.000914249   0.00104079   0   0.00119599   0.00136158   1   0.00184669   0.00212219   0.00242748   0.00286021   0.00333156   0.00376091   0.00431088   0   0   0.00387134   0.00561241   0.00742106   2.21962e-05   8.87391e-07   1.94467e-07   1.94467e-07   0.000195136   8.54466e-05   8.90879e-05   9.43185e-05   0.000121053   0.000136689   0.000155205   0.000193969   0.000230146   0.000274933   1.94467e-07   0.000319325   0.000385317   0.000639134   0.000637359   0.000739547   0.00117414   0.00121293   0.00177535   0.00223417   0.00301368   1.94467e-07   1.94467e-07   4.93414e-05   -3.41537e-06   
-0.0344454   0.00410159   0.00561794   3.86765e-06   1.35338e-06   4.32465e-07   0   0   0.000646442   0.000333854   0.00036489   0.000416753   0.000481841   0.000531441   0.000607373   0.000697128   0.000799419   0.000907114   0   0.00105533   1   0.00136158   0.00160951   0.00184963   0.00211571   0.00249285   0.00290367   0.00327788   0.00375721   0   0   0.00337413   0.00489158   0.00646794   1.93453e-05   7.73416e-07   1.69534e-07   1.69534e-07   0.000170075   7.44725e-05   7.76456e-05   8.22051e-05   0.000105506   0.000119134   0.000135271   0.000169057   0.000200588   0.000239623   1.69534e-07   0.000278313   0.00033583   0.000557049   0.000555502   0.000644565   0.00102334   0.00105715   0.00154733   0.00194723   0.00262662   1.69534e-07   1.69534e-07   3.43792e-05   -2.31129e-06   
-0.0302565   0.00360278   0.00493472   3.39731e-06   1.18876e-06   -1.25774e-05   0   0   0.000578505   0.000306209   0.000320513   0.000376753   0.000436195   0.000479763   0.00054646   0.000623029   0.000712878   0.000796795   0   1   0.00105533   0.00119599   0.00141377   0.00168937   0.00185841   0.00220261   0.00255054   0.00287924   0.00330028   0   0   0.00296378   0.00429669   0.00568133   1.69927e-05   6.79361e-07   1.48853e-07   1.48853e-07   0.00014939   6.54152e-05   6.82031e-05   7.22072e-05   9.26742e-05   0.000104645   0.00011882   0.000148496   0.000176192   0.00021048   1.48853e-07   0.000244465   0.000294986   0.000489301   0.000487942   0.000566174   0.000898882   0.000928579   0.00135915   0.00171041   0.00230718   1.48853e-07   1.48853e-07   4.26493e-05   -6.58065e-06   
0   0   0   0   0   0   0   0   0   0   0   0   0   0   0   0   0   0   1   0   0   0   0   0   0   0   0   0   0   0   0   0   0   0   0   0   0   0   0   0   0   0   0   0   0   0   0   0   0   0   0   0   0   0   0   0   0   0   0   0   0   0   0   
-0.0263297   0.00313524   0.00429433   2.9564e-06   1.03455e-06   3.3076e-07   0   0   0.000492159   0.000255197   0.000278921   0.000316584   0.000368318   0.000406231   0.000464274   0.000530902   0.000609092   1   0   0.000796795   0.000907114   0.00104079   0.0012303   0.00141385   0.00161724   0.00190553   0.00221955   0.00250559   0.00287199   0   0   0.00257918   0.00373911   0.00494407   1.47874e-05   5.91192e-07   1.2967e-07   1.2967e-07   0.000130006   5.69269e-05   5.93515e-05   6.2838e-05   8.06488e-05   9.10666e-05   0.000103402   0.000129228   0.00015333   0.000183168   1.2967e-07   0.000212743   0.000256709   0.000425809   0.000424626   0.000492706   0.000782241   0.000808083   0.00118278   0.00148846   0.00200778   1.2967e-07   1.2967e-07   1.09612e-05   -5.44695e-07   
-0.0231285   0.00275406   0.00377223   2.59696e-06   9.08772e-07   -2.30221e-06   0   0   0.000434915   0.000226763   0.00024501   0.000280687   0.00032613   0.000359434   0.000407828   0.000468948   1   0.000609092   0   0.000712878   0.000799419   0.000914249   0.00108072   0.0012549   0.00142062   0.00167644   0.0019497   0.00220096   0.00252282   0   0   0.0022656   0.00328451   0.00434298   1.29895e-05   5.19315e-07   1.13913e-07   1.13913e-07   0.000114201   5.00058e-05   5.21356e-05   5.51983e-05   7.08436e-05   7.99949e-05   9.08303e-05   0.000113516   0.000134688   0.000160899   1.13913e-07   0.000186878   0.000225499   0.000374039   0.000373001   0.000432803   0.000687137   0.000709837   0.00103898   0.00130749   0.00176368   1.13913e-07   1.13913e-07   7.8498e-06   -2.43835e-06   
-0.0201593   0.00240051   0.00328797   2.26356e-06   7.92134e-07   -2.3398e-06   0   0   0.000379418   0.000197986   0.000213558   0.000244988   0.000284597   0.000313626   0.000355474   1   0.000468948   0.000530902   0   0.000623029   0.000697128   0.000796884   0.000941988   0.00109547   0.00123825   0.00146156   0.00169941   0.00191842   0.00219896   0   0   0.00197477   0.00286288   0.00378546   1.13219e-05   4.52645e-07   9.93489e-08   9.93489e-08   9.95416e-05   4.35867e-05   4.54424e-05   4.81128e-05   6.17497e-05   6.97265e-05   7.91708e-05   9.89449e-05   0.000117399   0.000140245   9.93489e-08   0.000162889   0.000196552   0.000326025   0.00032512   0.000377245   0.00059893   0.000618716   0.000905605   0.00113965   0.00153727   9.93489e-08   9.93489e-08   -4.68714e-06   -4.38439e-06   
-0.0176293   0.00209925   0.00287533   1.97948e-06   6.9273e-07   2.21335e-07   0   0   0.000329534   0.000170871   0.000186756   0.000211975   0.000246613   0.000271999   1   0.000355474   0.000407828   0.000464274   0   0.00054646   0.000607373   0.000696875   0.000823769   0.000946664   0.00108285   0.00127587   0.00148614   0.00167766   0.00192299   0   0   0.00172693   0.00250359   0.00331039   9.90101e-06   3.95837e-07   8.69007e-08   8.69007e-08   8.70496e-05   3.81166e-05   3.97393e-05   4.20749e-05   5.40002e-05   6.0976e-05   6.9235e-05   8.65276e-05   0.000102666   0.000122644   8.69007e-08   0.000142447   0.000171885   0.00028511   0.000284318   0.000329901   0.000523765   0.000541068   0.000791953   0.000996625   0.00134435   8.69007e-08   8.69007e-08   -8.03582e-06   -1.24273e-06   
-0.0154253   0.0018368   0.00251587   1.73201e-06   6.06131e-07   1.93622e-07   0   0   0.000290929   0.00014951   0.000163408   0.000188067   0.000215783   1   0.000271999   0.000313626   0.000359434   0.000406231   0   0.000479763   0.000531441   0.000609754   0.000720783   0.000828315   0.000947473   0.00111637   0.00130034   0.00146792   0.00168258   0   0   0.00151104   0.0021906   0.00289653   8.6632e-06   3.4635e-07   7.60483e-08   7.60483e-08   7.61672e-05   3.33514e-05   3.47711e-05   3.68149e-05   4.72493e-05   5.33531e-05   6.05796e-05   7.57104e-05   8.98309e-05   0.000107312   7.60483e-08   0.000124639   0.000150397   0.000249466   0.000248774   0.000288658   0.000458286   0.000473426   0.000692946   0.00087203   0.00117628   7.60483e-08   7.60483e-08   -9.32069e-06   -7.63213e-07   
-0.0139856   0.00166537   0.00228106   1.57035e-06   5.49563e-07   1.75536e-07   0   0   0.000264018   0.000135556   0.000148157   0.000170756   1   0.000215783   0.000246613   0.000284597   0.00032613   0.000368318   0   0.000436195   0.000481841   0.000552845   0.000653512   0.000751008   0.000859044   0.00101218   0.00117898   0.00133092   0.00152554   0   0   0.00137001   0.00198615   0.0026262   7.85464e-06   3.14024e-07   6.89572e-08   6.89572e-08   6.90586e-05   3.02387e-05   3.15259e-05   3.3379e-05   4.28396e-05   4.83737e-05   5.49257e-05   6.86444e-05   8.14471e-05   9.72966e-05   6.89572e-08   0.000113007   0.000136361   0.000226184   0.000225556   0.000261718   0.000415514   0.000429241   0.000628273   0.000790643   0.0010665   6.89572e-08   6.89572e-08   -9.72322e-06   -4.50168e-07   
-0.0120211   0.00143146   0.00196066   1.34977e-06   4.72387e-07   -2.44207e-06   0   0   0.0002273   0.000119109   0.000127348   1   0.000170756   0.000188067   0.000211975   0.000244988   0.000280687   0.000316584   0   0.000376753   0.000416753   0.000475193   0.000561721   0.000658467   0.000738384   0.000872594   0.00101338   0.00114398   0.00131127   0   0   0.00117758   0.00170718   0.00225733   6.75134e-06   2.69915e-07   5.93071e-08   5.93071e-08   5.93595e-05   2.59916e-05   2.70976e-05   2.86909e-05   3.68226e-05   4.15796e-05   4.72113e-05   5.90032e-05   7.00077e-05   8.36311e-05   5.93071e-08   9.71346e-05   0.000117208   0.000194415   0.000193876   0.000224958   0.000357154   0.000368952   0.000540029   0.000679593   0.000916701   5.93071e-08   5.93071e-08   -1.53254e-05   -2.61427e-06   
-0.010591   0.00126116   0.0017274   1.18919e-06   4.16186e-07   1.33091e-07   0   0   0.000197974   0.000102654   1   0.000127348   0.000148157   0.000163408   0.000186756   0.000213558   0.00024501   0.000278921   0   0.000320513   0.00036489   0.00041866   0.000494894   0.000568724   0.000650539   0.000766504   0.000892821   0.00100788   0.00115527   0   0   0.00103749   0.00150408   0.00198878   5.94815e-06   2.37804e-07   5.22485e-08   5.22485e-08   5.22975e-05   2.28994e-05   2.38738e-05   2.52776e-05   3.24419e-05   3.66329e-05   4.15946e-05   5.19837e-05   6.1679e-05   7.36816e-05   5.22485e-08   8.55786e-05   0.000103264   0.000171286   0.000170811   0.000198195   0.000314663   0.000325058   0.000475782   0.000598742   0.000807643   5.22485e-08   5.22485e-08   -1.2928e-05   -2.30333e-06   
-0.00969013   0.00115389   0.00158048   1.08804e-06   3.8079e-07   1.21579e-07   0   0   0.000183728   1   0.000102654   0.000119109   0.000135556   0.00014951   0.000170871   0.000197986   0.000226763   0.000255197   0   0.000306209   0.000333854   0.00038305   0.000452799   0.000520351   0.000595206   0.000701307   0.000816881   0.000922154   0.001057   0   0   0.000949244   0.00137615   0.00181962   5.4422e-06   2.17576e-07   4.78116e-08   4.78116e-08   4.78494e-05   2.09517e-05   2.18431e-05   2.31276e-05   2.96825e-05   3.35171e-05   3.80567e-05   4.75622e-05   5.64329e-05   6.74145e-05   4.78116e-08   7.82997e-05   9.44811e-05   0.000156717   0.000156282   0.000181338   0.000287899   0.00029741   0.000435314   0.000547815   0.000738947   4.78116e-08   4.78116e-08   -1.32388e-05   4.84784e-07   
-0.0186872   0.00222531   0.003048   2.09827e-06   7.34467e-07   -2.35764e-06   0   0   1   0.000183728   0.000197974   0.0002273   0.000264018   0.000290929   0.000329534   0.000379418   0.000434915   0.000492159   0   0.000578505   0.000646442   0.000738729   0.000873242   0.00101646   0.00114788   0.00135508   0.00157538   0.00177841   0.00203847   0   0   0.00183067   0.00265397   0.00350923   1.04952e-05   4.19591e-07   9.24485e-08   9.24485e-08   9.22851e-05   4.04073e-05   4.2124e-05   4.46048e-05   5.72458e-05   6.46422e-05   7.33965e-05   9.17295e-05   0.000108837   0.000130016   9.24485e-08   0.000151009   0.000182217   0.000302244   0.000301405   0.000349725   0.000555238   0.000573579   0.000839535   0.0010565   0.00142511   9.24485e-08   9.24485e-08   -7.29054e-05   -4.06346e-06   
0   0   0   0   0   0   0   1   0   0   0   0   0   0   0   0   0   0   0   0   0   0   0   0   0   0   0   0   0   0   0   0   0   0   0   0   0   0   0   0   0   0   0   0   0   0   0   0   0   0   0   0   0   0   0   0   0   0   0   0   0   0   0   
0   0   0   0   0   0   1   0   0   0   0   0   0   0   0   0   0   0   0   0   0   0   0   0   0   0   0   0   0   0   0   0   0   0   0   0   0   0   0   0   0   0   0   0   0   0   0   0   0   0   0   0   0   0   0   0   0   0   0   0   0   0   0   
-1.25255e-05   1.49489e-06   2.04752e-06   1.40641e-09   4.9836e-10   1   0   0   -2.35764e-06   1.21579e-07   1.33091e-07   -2.44207e-06   1.75536e-07   1.93622e-07   2.21335e-07   -2.3398e-06   -2.30221e-06   3.3076e-07   0   -1.25774e-05   4.32465e-07   4.96393e-07   5.86735e-07   -1.22696e-05   7.71221e-07   -1.6779e-06   1.05836e-06   1.19472e-06   1.36938e-06   0   0   1.2309e-06   1.78419e-06   2.35893e-06   7.03463e-09   2.81241e-10   7.40619e-11   7.40619e-11   6.22809e-08   2.72053e-08   2.82333e-08   3.00794e-08   3.85525e-08   4.35828e-08   4.94384e-08   6.18237e-08   7.33392e-08   8.75707e-08   7.40619e-11   1.01727e-07   1.22729e-07   2.03508e-07   2.02958e-07   2.35382e-07   3.7369e-07   3.85959e-07   5.64791e-07   7.10615e-07   9.58357e-07   7.40619e-11   7.40619e-11   -2.38879e-06   -2.73809e-09   
-3.9255e-05   4.67722e-06   6.40636e-06   4.4077e-09   1   4.9836e-10   0   0   7.34467e-07   3.8079e-07   4.16186e-07   4.72387e-07   5.49563e-07   6.06131e-07   6.9273e-07   7.92134e-07   9.08772e-07   1.03455e-06   0   1.18876e-06   1.35338e-06   1.55279e-06   1.8355e-06   2.10928e-06   2.41274e-06   2.8428e-06   3.31124e-06   3.73794e-06   4.28451e-06   0   0   3.84865e-06   5.57926e-06   7.37703e-06   2.20466e-08   8.8141e-10   2.03829e-10   2.03829e-10   1.94196e-07   8.49778e-08   8.84862e-08   9.38434e-08   1.20398e-07   1.35993e-07   1.54373e-07   1.92961e-07   2.28937e-07   2.73455e-07   2.03829e-10   3.17622e-07   3.83245e-07   6.3564e-07   6.33888e-07   7.35419e-07   1.16757e-06   1.20608e-06   1.76521e-06   2.22129e-06   2.99614e-06   2.03829e-10   2.03829e-10   -2.01566e-06   -8.51538e-09   
-0.000112284   1.3368e-05   1.83102e-05   1   4.4077e-09   1.40641e-09   0   0   2.09827e-06   1.08804e-06   1.18919e-06   1.34977e-06   1.57035e-06   1.73201e-06   1.97948e-06   2.26356e-06   2.59696e-06   2.9564e-06   0   3.39731e-06   3.86765e-06   4.43761e-06   5.24568e-06   6.02831e-06   6.8955e-06   8.12472e-06   9.46368e-06   1.06833e-05   1.22456e-05   0   0   1.09963e-05   1.59419e-05   2.10795e-05   6.30612e-08   2.52115e-09   5.44696e-10   5.44696e-10   5.54125e-07   2.42683e-07   2.53107e-07   2.67849e-07   3.43804e-07   3.88181e-07   4.40793e-07   5.50862e-07   6.53613e-07   7.80834e-07   5.44696e-10   9.06899e-07   1.09433e-06   1.81524e-06   1.81019e-06   2.10049e-06   3.33484e-06   3.44506e-06   5.04257e-06   6.34587e-06   8.56008e-06   5.44696e-10   5.44696e-10   1.64895e-06   -2.44392e-08   
-0.163071   0.0194173   1   1.83102e-05   6.40636e-06   2.04752e-06   0   0   0.003048   0.00158048   0.0017274   0.00196066   0.00228106   0.00251587   0.00287533   0.00328797   0.00377223   0.00429433   0   0.00493472   0.00561794   0.00644581   0.00761954   0.00875628   0.0100159   0.0118014   0.0137462   0.0155177   0.0177869   0   0   0.0159733   0.023157   0.0306195   9.15843e-05   3.66149e-06   8.01068e-07   8.01068e-07   0.000805112   0.000352551   0.000367589   0.000389151   0.00049946   0.00056397   0.000640369   0.000800303   0.000949569   0.00113436   8.01068e-07   0.00131752   0.0015898   0.00263705   0.00262973   0.00305136   0.00484448   0.00500453   0.00732509   0.00921821   0.0124345   8.01068e-07   8.01068e-07   0.000460283   -9.67944e-06   
-0.119056   1   0.0194173   1.3368e-05   4.67722e-06   1.49489e-06   0   0   0.00222531   0.00115389   0.00126116   0.00143146   0.00166537   0.0018368   0.00209925   0.00240051   0.00275406   0.00313524   0   0.00360278   0.00410159   0.00470601   0.00556293   0.00639285   0.0073125   0.00861603   0.0100359   0.0113293   0.012986   0   0   0.0116619   0.0169066   0.0223549   6.68646e-05   2.67321e-06   5.84878e-07   5.84878e-07   0.000587803   0.000257393   0.000268372   0.000284115   0.00036465   0.000411748   0.000467526   0.000584292   0.00069327   0.000828186   5.84878e-07   0.000961906   0.0011607   0.00192528   0.00191993   0.00222777   0.0035369   0.00365375   0.00534796   0.00673011   0.00907827   5.84878e-07   5.84878e-07   0.000330529   -2.58975e-05   
1   -0.119056   -0.163071   -0.000112284   -3.9255e-05   -1.25255e-05   0   0   -0.0186872   -0.00969013   -0.010591   -0.0120211   -0.0139856   -0.0154253   -0.0176293   -0.0201593   -0.0231285   -0.0263297   0   -0.0302565   -0.0344454   -0.0395214   -0.0467181   -0.0536882   -0.0614115   -0.0723588   -0.0842837   -0.0951458   -0.109059   0   0   -0.0979334   -0.141979   -0.187734   -0.000561624   -2.24534e-05   -4.85107e-06   -4.85107e-06   -0.00493504   -0.00216134   -0.00225417   -0.00238547   -0.00306192   -0.00345715   -0.00392571   -0.00490598   -0.00582108   -0.00695412   -4.85107e-06   -0.00807686   -0.00974616   -0.0161665   -0.0161216   -0.018707   -0.0297001   -0.0306817   -0.0449092   -0.0565164   -0.0762362   -4.85107e-06   -4.85107e-06   -0.0146856   0.000217656   


NLL
-2353.92

