NUISANCE_PARAMETERS
SigXsecOverSM  1 +0.113504 -0.105765
EGamFake  4.13025e-09 +0.963027 -0.963027
JGamFake  1.16435e-09 +0.372443 -0.372443
JVT  1.36084e-08 +0.991626 -0.991626
LepSF_EL_ID  8.49242e-10 +0.993163 -0.993163
Lumi  1.19012e-09 +0.972844 -0.972844
PhotonSF_ID  -3.2685e-13 +0.993346 -0.993346
PhotonSF_effIso  0 +0.993347 -0.993347
Pileup  -3.17948e-09 +0.870501 -0.870501
VVXsec  1.06132e-10 +0.993308 -0.993308
VjetXsec  4.33011e-09 +0.973452 -0.973452
stXsec  2.8979e-10 +0.992414 -0.992414
ttXsec  4.58986e-09 +0.971473 -0.971473
gamma_stat_SR_mqph_bin_0  1 +0.429023 -0.429023
gamma_stat_SR_mqph_bin_1  1 +0.319246 -0.319246
gamma_stat_SR_mqph_bin_2  1 +0.169326 -0.169326
gamma_stat_SR_mqph_bin_3  1 +0.113788 -0.113788
gamma_stat_SR_mqph_bin_4  1 +0.1007 -0.1007
gamma_stat_SR_mqph_bin_5  1 +0.100283 -0.100283
gamma_stat_SR_mqph_bin_6  1 +0.10492 -0.10492
gamma_stat_SR_mqph_bin_7  1 +0.172422 -0.172422
gamma_stat_SR_mqph_bin_8  1 +0.216729 -0.216729
gamma_stat_SR_mqph_bin_9  1 +0.233518 -0.233518
gamma_stat_VR1_mqph_bin_0  1 +0.153047 -0.153047
gamma_stat_VR1_mqph_bin_1  1 +0.0472606 -0.0472606
gamma_stat_VR1_mqph_bin_10  1 +0.0505809 -0.0505809
gamma_stat_VR1_mqph_bin_11  1 +0.0502219 -0.0502219
gamma_stat_VR1_mqph_bin_12  1 +0.0611997 -0.0611997
gamma_stat_VR1_mqph_bin_13  1 +0.0670984 -0.0670984
gamma_stat_VR1_mqph_bin_14  1 +0.060204 -0.060204
gamma_stat_VR1_mqph_bin_15  1 +0.0689971 -0.0689971
gamma_stat_VR1_mqph_bin_16  1 +0.110763 -0.110763
gamma_stat_VR1_mqph_bin_17  1 +0.0855127 -0.0855127
gamma_stat_VR1_mqph_bin_18  1 +0.0862648 -0.0862648
gamma_stat_VR1_mqph_bin_19  1 +0.0382531 -0.0382531
gamma_stat_VR1_mqph_bin_2  1 +0.0398271 -0.0398271
gamma_stat_VR1_mqph_bin_3  1 +0.0378538 -0.0378538
gamma_stat_VR1_mqph_bin_4  1 +0.0318065 -0.0318065
gamma_stat_VR1_mqph_bin_5  1 +0.0315444 -0.0315444
gamma_stat_VR1_mqph_bin_6  1 +0.0340864 -0.0340864
gamma_stat_VR1_mqph_bin_7  1 +0.0367822 -0.0367822
gamma_stat_VR1_mqph_bin_8  1 +0.0398088 -0.0398088
gamma_stat_VR1_mqph_bin_9  1 +0.0415623 -0.0415623
gamma_stat_VR2_mqph_bin_0  1 +0.0993118 -0.0993118
gamma_stat_VR2_mqph_bin_1  1 +0.0309906 -0.0309906
gamma_stat_VR2_mqph_bin_10  1 +0.0524369 -0.0524369
gamma_stat_VR2_mqph_bin_11  1 +0.0593332 -0.0593332
gamma_stat_VR2_mqph_bin_12  1 +0.086363 -0.086363
gamma_stat_VR2_mqph_bin_13  1 +0.0724038 -0.0724038
gamma_stat_VR2_mqph_bin_14  1 +0.0854769 -0.0854769
gamma_stat_VR2_mqph_bin_15  1 +0.0955719 -0.0955719
gamma_stat_VR2_mqph_bin_16  1 +0.0922736 -0.0922736
gamma_stat_VR2_mqph_bin_17  1 +0.140631 -0.140631
gamma_stat_VR2_mqph_bin_18  1 +0.115857 -0.115857
gamma_stat_VR2_mqph_bin_19  1 +0.0610798 -0.0610798
gamma_stat_VR2_mqph_bin_2  1 +0.0248863 -0.0248863
gamma_stat_VR2_mqph_bin_3  1 +0.0231725 -0.0231725
gamma_stat_VR2_mqph_bin_4  1 +0.0254148 -0.0254148
gamma_stat_VR2_mqph_bin_5  1 +0.0260871 -0.0260871
gamma_stat_VR2_mqph_bin_6  1 +0.0311384 -0.0311384
gamma_stat_VR2_mqph_bin_7  1 +0.0329732 -0.0329732
gamma_stat_VR2_mqph_bin_8  1 +0.0392819 -0.0392819
gamma_stat_VR2_mqph_bin_9  1 +0.0447401 -0.0447401
mu_WGam  1 +0.106163 -0.106163
mu_ttgam  1 +0.1806 -0.1806


CORRELATION_MATRIX
65   65
0.0555961   0.212475   0.0149402   0.0147315   0.0207827   0.0303221   0.0253224   0.00168561   0.00341132   0.016455   0.0143773   0.00602635   0.00895423   0.0176861   0.0116902   0.00972334   0.013494   0.016587   0.0134186   0.012429   -0.0139165   0.00511535   0.00789996   0.0195288   0.0122327   -0.00147109   0.0130564   -0.073352   -0.0341401   0.0170014   0.0124744   0.0053796   -0.000644169   0.0036312   0.010671   0.00791061   0.00515343   -0.00361372   0.0053343   0.00385656   0.00939035   0.0166789   -0.0147524   -0.00144508   -0.0415285   -0.0970322   -0.138202   -0.137726   -0.0694455   -0.0313736   -0.0191992   0.0093449   0.0205479   -0.00379539   -0.00460254   -0.00148011   0.0329531   -8.54437e-07   -5.61196e-05   -0.456334   0.00954832   0.0435012   0.238748   -0.0131547   1   
-0.306517   -0.197868   -0.0218641   -0.0247441   -0.0167323   -0.00135762   0.0161193   0.0243269   0.0251644   0.0257858   -0.0376296   -0.0158718   -0.0138506   -0.0334499   -0.0162671   -0.0143906   -0.026829   -0.0159696   -0.020455   -0.0223245   0.000964181   0.0158408   0.0129893   -0.0177218   0.0210945   0.0146208   -0.00939659   0.00549125   -0.000594743   -0.0672167   0.0125401   0.00452959   -0.00329644   0.022983   -0.0187865   0.0121554   -0.000586513   0.0108937   -0.00893353   0.00956732   -0.0336124   0.000779365   0.0095928   -0.00235347   -0.00740796   -0.00178718   0.00600981   -0.000948762   -0.00230578   -0.0075697   -0.00861457   -0.0214537   -0.02043   -0.0032122   -0.0142063   0.000125921   0.00267712   -2.96059e-06   -2.65897e-05   -0.0359633   -0.002542   -0.00313957   0.0989257   1   -0.0131547   
-0.447322   -0.29102   0.0105355   0.0056461   0.0583864   0.0443433   0.0373331   0.0599774   -0.0125103   -0.0546234   0.0458056   0.0253589   0.0352854   0.0407105   0.0244813   0.0300934   0.0247608   0.0462186   0.052732   0.0272826   -0.326423   0.00232452   0.0308604   0.0100694   0.0203487   -0.0172451   -0.118468   -0.11181   -0.262298   -0.0991353   0.115989   0.0464694   0.0161361   0.0554848   0.00256456   0.071213   -0.0179523   -0.000950581   0.0164018   0.0358092   -0.202676   0.0184135   -0.0117363   0.0216119   -0.00546391   0.00504982   -0.0137208   0.00129428   0.0117895   0.0101587   -0.000781779   0.005848   -0.188099   -0.013727   -0.106212   -0.00338416   -0.00371438   -2.33556e-05   -0.000280503   -0.289566   -0.0075482   -0.0256545   1   0.0989257   0.238748   
-0.131192   0.0414776   -0.00227777   -0.00330034   -0.000225575   0.00438471   0.00298899   0.00440216   0.00171941   -0.00243248   -0.00874797   -0.00216613   -0.00622698   -0.00183239   0.000172149   -0.00102921   -0.00547675   -0.00617537   -0.00115816   -1.05294e-05   -0.0110607   0.00474004   -0.00506161   0.00439941   0.00465308   0.00492539   0.0134046   0.00037499   0.00957957   0.00772923   -0.00605463   -0.00175267   -0.00142949   -0.0049346   -0.000730225   -0.00257659   0.00162244   -0.0100452   -0.000555909   -0.00261919   -0.00135759   0.000350144   0.00803664   0.00306719   0.00717411   0.00162527   -0.00135982   -0.0014721   0.000733506   0.00103945   0.000556833   0.000458174   -0.00972786   -0.00111997   0.00618299   0.000122544   -0.000308321   1.08822e-06   1.5066e-05   -0.00373748   -2.78016e-06   1   -0.0256545   -0.00313957   0.0435012   
-0.00770755   -0.125949   -0.00128677   -0.000136403   0.00046131   -0.000269126   0.000135865   0.000851013   0.000846606   0.00143106   -0.0019888   1.77282e-05   -0.000638628   -0.000296538   -0.000760675   -0.00109239   -0.00186363   -0.00354072   -0.00254996   0.000396185   0.00100528   0.00107708   0.00141176   -0.00214219   0.00153113   0.00107442   -0.00163106   -0.00373569   -0.00179326   -0.00349865   0.000992579   0.00124841   0.000667659   0.00360362   -0.00135608   0.00104304   0.000464462   0.000904851   -0.000685025   0.0023333   -0.00185901   -0.00153479   -0.00127921   0.00153743   -0.00121604   -0.000235056   -0.000517941   0.0014314   2.14207e-05   0.000135467   0.000979154   -0.000720019   8.09656e-06   -0.000130127   -0.00231335   -4.28754e-05   -0.00127567   -1.55312e-07   -5.44474e-06   -0.00250514   1   -2.78016e-06   -0.0075482   -0.002542   0.00954832   
-0.473846   -0.646225   -0.0172282   -0.0108661   -0.0045429   0.00147482   0.00974788   0.0213225   0.015335   0.0120669   -0.0272508   -0.00987125   -0.00569058   -0.0148136   -0.0129453   -0.00718905   -0.0186478   -0.0207735   -0.0105149   -0.00871145   -0.0147661   0.00991552   0.013637   -0.00623921   0.0134593   0.0116215   -0.0149431   -0.0235516   -0.0179752   -0.0319353   0.0172565   0.00640236   0.00182836   0.0195762   -0.0198386   0.011855   -0.00539904   0.00614682   -0.0035351   0.0124049   -0.0293787   -0.0119118   0.00438086   -0.00315024   -0.00219865   -0.00086704   0.0022391   0.00182577   -0.00145579   -0.00282822   -0.00320688   -0.0164894   -0.0219923   -0.00354749   -0.0188422   -0.000264072   -0.000228812   -1.69287e-06   -3.76717e-05   1   -0.00250514   -0.00373748   -0.289566   -0.0359633   -0.456334   
0.000187803   0.000349222   1.40843e-06   2.41045e-06   -1.32787e-05   -9.68318e-06   -7.16546e-06   -1.27676e-05   1.0968e-05   2.16144e-05   -1.50109e-05   -6.33078e-06   -1.65065e-05   -9.66172e-06   -5.03873e-06   -8.93987e-06   -6.25559e-06   -1.10604e-05   -1.18905e-05   -8.11609e-06   0.000113306   8.90197e-07   2.4718e-05   -1.10427e-06   0.000143327   7.26399e-06   -5.20201e-06   -0.000319839   -0.000420821   -0.000153799   4.67109e-05   4.74426e-06   7.1487e-05   -3.76603e-05   4.52562e-05   6.31734e-05   7.76794e-05   0.000144971   0.000132421   1.79564e-05   -0.000135316   -5.91407e-05   6.49985e-06   -7.66952e-06   5.05805e-06   3.73187e-06   1.11491e-05   3.60481e-06   2.17722e-07   -6.75277e-07   9.58317e-07   -6.29728e-07   4.92064e-05   9.26562e-06   -9.00527e-05   1.11796e-07   -1.76371e-05   1.29358e-08   1   -3.76717e-05   -5.44474e-06   1.5066e-05   -0.000280503   -2.65897e-05   -5.61196e-05   
1.59157e-05   2.14074e-05   7.78174e-08   1.44853e-07   -1.19771e-06   -1.14986e-06   -7.79299e-07   -1.32347e-06   6.26932e-07   1.72291e-06   -1.05785e-06   -3.72147e-07   -1.21395e-06   -8.16717e-07   -3.93808e-07   -7.76827e-07   -4.29176e-07   -9.78074e-07   -8.44617e-07   -7.58626e-07   9.25141e-06   1.29916e-07   -8.92821e-06   2.06101e-05   1.06977e-05   -7.65641e-06   -2.73743e-05   -3.59542e-06   3.96683e-05   -5.34536e-08   3.64639e-06   3.91437e-06   8.73843e-06   -4.47956e-06   1.80758e-06   -4.61746e-06   9.84089e-07   -9.93995e-09   1.25106e-06   9.42788e-06   -8.83246e-05   7.07668e-05   4.41833e-07   -7.32963e-07   -1.7711e-06   1.74194e-07   3.58925e-07   -4.32723e-07   -4.97109e-07   -2.01202e-07   4.37689e-08   -1.67865e-06   2.65654e-06   2.63208e-07   -2.89807e-06   7.16919e-08   -4.44719e-06   1   1.29358e-08   -1.69287e-06   -1.55312e-07   1.08822e-06   -2.33556e-05   -2.96059e-06   -8.54437e-07   
7.50735e-06   0.0101317   -0.00224147   0.00469781   -0.0072214   0.069131   0.00966017   -0.0261368   -0.00584632   -0.00709615   -0.00151096   -0.0417381   0.0241987   0.00350282   -0.0103548   0.017386   -0.00714024   0.00861352   -0.0713301   0.0411389   0.0118039   -0.0364049   0.111986   0.0789521   0.0559807   -0.0896824   0.0274375   -0.0249825   -0.0353394   -0.0812368   -0.00620609   0.0269811   -0.0135341   0.0508519   -0.0306415   -0.0226548   -0.00163817   -0.0581592   7.55097e-05   -0.069882   -0.0085666   0.0419579   -0.0410098   0.0137125   0.04667   0.00603649   -0.00526252   0.0213371   -0.0108318   -0.0164768   -0.0105147   0.0694162   0.0125493   0.00325222   -0.0147763   -0.000371994   1   -4.44719e-06   -1.76371e-05   -0.000228812   -0.00127567   -0.000308321   -0.00371438   0.00267712   0.0329531   
0.00226393   -0.0199039   -0.000240521   0.000267577   -0.000335302   -0.000484845   -0.00024793   -3.04549e-05   4.58727e-05   0.000540678   0.000631161   -8.46903e-05   0.000769357   -9.17234e-05   9.48401e-05   -0.000100627   0.000403867   4.21346e-06   -0.000178605   0.000115555   0.000297139   0.00012624   -0.000587872   0.000450491   -0.00135896   -0.0012334   0.000758329   -0.00334331   -7.06937e-05   -0.000219505   0.000502134   0.000336447   0.000659249   0.00228806   -0.000759642   0.00102341   0.00163549   0.000141582   -0.000878166   0.000725557   0.00209712   0.00168713   0.000138638   -0.000138352   0.000196773   -2.66139e-05   -0.000331915   0.000630758   0.000165581   4.6695e-05   0.00020687   7.78263e-06   0.00045525   5.68227e-05   -0.000547879   1   -0.000371994   7.16919e-08   1.11796e-07   -0.000264072   -4.28754e-05   0.000122544   -0.00338416   0.000125921   -0.00148011   
0.0726204   -0.2504   -0.000535425   0.000766949   -0.00284205   -0.00686118   -0.00611151   -0.00627491   0.00140602   0.0140316   0.000175467   0.000155621   0.00516477   -0.00464594   -0.00223195   -0.00278222   -0.000989773   -0.00276063   -0.0116323   0.00156375   0.0417296   -0.000227911   0.021819   -0.00443064   0.00632559   0.0106666   -0.0490475   -0.0482164   -0.0768408   -0.031727   0.0387357   0.0181809   0.00574419   0.0262291   -0.0181728   0.0253614   -0.0124117   0.00292287   0.000124046   0.0225519   -0.0374531   -0.0167646   -0.0076786   0.000487544   -0.0081561   -0.00161168   0.00209248   0.00488143   -0.000710717   -0.000409769   0.00285818   -0.004199   0.0235705   0.00237703   1   -0.000547879   -0.0147763   -2.89807e-06   -9.00527e-05   -0.0188422   -0.00231335   0.00618299   -0.106212   -0.0142063   -0.00460254   
-0.0193524   0.00568401   -0.00239654   0.00111053   -0.000881345   0.00176269   0.00306593   0.00378938   0.00252527   -0.00206335   -0.00149296   -0.00016732   -0.00301031   -0.000364772   -0.00174282   -0.00152485   -0.0039682   -0.0134273   -0.00131252   0.00203767   -0.00651514   0.00250674   -0.00281692   0.00152032   0.00165287   -0.00415151   0.0031018   0.00493252   0.0078177   0.00425811   -0.00147987   0.000156985   0.000718935   0.00112796   0.000420208   -0.00202392   -0.000276433   0.00146981   -0.00302616   1.71652e-05   -0.00257102   -0.00343687   -0.00079791   -0.00523745   0.00272124   -0.000405329   0.000821958   -0.000264504   -0.00222869   0.00075389   0.000404903   -0.00697346   -0.00446048   1   0.00237703   5.68227e-05   0.00325222   2.63208e-07   9.26562e-06   -0.00354749   -0.000130127   -0.00111997   -0.013727   -0.0032122   -0.00379539   
-0.271207   0.106184   -0.0152507   -0.0143933   -0.000874965   0.00870269   0.0146907   0.0264876   0.0119793   -0.000616649   -0.0288743   -0.0111276   -0.00935822   -0.0108943   -0.0103022   -0.00275248   -0.0152939   -0.00478244   0.00297316   -0.0138396   -0.0559313   0.00751789   -0.00568674   -0.0043224   0.00730326   0.00715812   0.0339963   0.025083   0.0570175   -0.00504837   -0.0228183   -0.0137035   -0.00576122   -0.0109859   -0.00136343   -0.0138805   0.00675027   0.00181819   0.000204067   -0.0120238   0.00978052   0.00757302   0.0140411   0.00190085   0.00303246   0.00121414   -0.000294601   -0.00373381   0.00143411   -0.00371808   -0.00750001   -0.00575996   1   -0.00446048   0.0235705   0.00045525   0.0125493   2.65654e-06   4.92064e-05   -0.0219923   8.09656e-06   -0.00972786   -0.188099   -0.02043   0.0205479   
0.0158911   0.0158105   0.000851633   0.00126456   0.000172931   0.00495529   0.000225167   -0.00263648   -0.0011841   -0.00125357   0.00155888   -0.00223354   0.00225061   0.00143836   3.34039e-05   0.00178703   0.000654761   0.00159789   -0.00414563   0.00371059   0.000914555   -0.0030937   0.00737077   0.00613412   0.00324384   -0.00671769   0.00223783   -0.00138386   -0.00253141   -0.00347122   -0.000732269   0.001791   -0.000826375   0.00279374   -0.00126466   -0.00187847   2.1582e-06   -0.00437453   0.000368969   -0.00515188   0.000529171   0.00318816   -0.00318892   0.00114078   0.00353022   0.000671113   -0.000329992   0.00174148   -0.000513267   -0.000822563   -0.000403236   1   -0.00575996   -0.00697346   -0.004199   7.78263e-06   0.0694162   -1.67865e-06   -6.29728e-07   -0.0164894   -0.000720019   0.000458174   0.005848   -0.0214537   0.0093449   
0.00913851   0.00355256   0.000512793   0.00045904   0.000229443   -0.000942592   -0.000549522   0.000184943   9.77475e-05   -0.000121471   0.000856718   0.000720048   -1.27877e-05   0.00026887   0.000365065   2.17017e-05   0.000557012   0.000250853   0.000902038   4.67676e-05   0.00110993   3.39162e-05   -0.00105913   -0.000467651   -0.00063343   0.00122685   6.96091e-05   0.00290135   0.00160889   0.00215134   3.55677e-05   -0.000236608   0.000360641   -0.00063227   0.000620935   0.00015719   0.000126784   0.000738507   0.000282529   0.000876136   0.00092185   -0.000568876   0.000564091   3.47713e-05   0.000792672   0.00257092   0.0036083   0.00349366   0.00200945   0.00115752   1   -0.000403236   -0.00750001   0.000404903   0.00285818   0.00020687   -0.0105147   4.37689e-08   9.58317e-07   -0.00320688   0.000979154   0.000556833   -0.000781779   -0.00861457   -0.0191992   
-0.000841369   7.75714e-05   0.000675181   0.000580241   0.00128654   -0.000492567   0.000248262   0.00209585   0.00065635   -0.000582609   0.0013187   0.00125345   0.00022377   0.000690427   0.000699984   0.00037544   0.000838782   0.000889496   0.00217894   0.000225017   -0.00371208   0.000395734   -0.00191899   -0.00154364   -0.00145016   0.000852808   -0.00238557   0.00224656   -0.0016843   0.000410887   0.000926726   -6.82788e-05   0.000457427   -0.00066734   0.000559256   0.000784508   -0.000429212   0.000718567   0.000189761   0.00110411   -0.00255582   -0.000804428   0.00104577   0.000370074   0.00131493   0.00436964   0.00583285   0.00576677   0.00350958   1   0.00115752   -0.000822563   -0.00371808   0.00075389   -0.000409769   4.6695e-05   -0.0164768   -2.01202e-07   -6.75277e-07   -0.00282822   0.000135467   0.00103945   0.0101587   -0.0075697   -0.0313736   
-0.00407732   -0.00124749   0.000546673   0.000448276   0.00136274   -0.000275655   0.000218892   0.00322036   0.00118963   -0.00114125   0.00139268   0.00102731   0.000399909   0.00045837   0.00055664   0.000566808   0.000709944   0.00119992   0.00193991   0.000508227   -0.00549056   7.6123e-05   -0.00132199   -0.00164148   -0.00134209   0.000305083   -0.00307896   0.00559623   -0.00152005   -0.00120176   0.000975087   0.000111652   0.000479373   -0.000273171   0.000162592   0.000676775   -0.000647069   0.00046695   0.000217626   0.000582148   -0.0041495   -0.000784211   0.0015341   0.000876519   0.00378702   0.00932112   0.0124647   0.0126926   1   0.00350958   0.00200945   -0.000513267   0.00143411   -0.00222869   -0.000710717   0.000165581   -0.0108318   -4.97109e-07   2.17722e-07   -0.00145579   2.14207e-05   0.000733506   0.0117895   -0.00230578   -0.0694455   
0.00945015   0.000159286   0.000141176   0.000161346   -0.000193571   -0.000146761   -0.00161385   0.00173375   0.000634026   -0.0025973   0.00147041   -0.000468058   0.000916311   -0.0002695   -0.000191397   0.00074211   0.000224709   0.00101091   -0.00122735   0.00155362   -0.00238344   -0.00191227   0.00255306   0.000831797   0.000523971   -0.00157775   -0.0012545   0.0133686   0.00224672   -0.00268673   0.00011942   0.000795169   0.000403765   0.00132177   -0.000799601   -0.000533976   -0.000425675   -0.000750201   0.000512221   -0.0014956   -0.00289976   -8.68602e-05   0.00115088   0.001632   0.00910154   0.0179286   0.0240963   1   0.0126926   0.00576677   0.00349366   0.00174148   -0.00373381   -0.000264504   0.00488143   0.000630758   0.0213371   -4.32723e-07   3.60481e-06   0.00182577   0.0014314   -0.0014721   0.00129428   -0.000948762   -0.137726   
0.0170366   0.010197   -0.000364905   -0.000574268   -0.00149188   -0.00318923   -0.00286179   0.000916701   0.000560598   -0.00189264   0.000213609   1.7736e-05   -0.000664985   -0.00137034   -0.000538441   -0.00048986   -0.000363601   -0.000309228   -0.000521983   -0.000481149   0.00259494   -0.000997301   -0.00208551   -0.0026969   -0.00271572   -0.000433646   -0.00141087   0.0142938   0.00627756   -0.000720725   -0.00278468   -0.00114382   3.57046e-05   -0.00175882   -0.000390846   -0.00182741   -0.000595764   0.000104107   -0.000489373   -0.00137916   -0.000432255   -0.00174197   0.00246608   0.00078775   0.0077073   0.0172631   1   0.0240963   0.0124647   0.00583285   0.0036083   -0.000329992   -0.000294601   0.000821958   0.00209248   -0.000331915   -0.00526252   3.58925e-07   1.11491e-05   0.0022391   -0.000517941   -0.00135982   -0.0137208   0.00600981   -0.138202   
0.00121589   0.00363094   0.000640691   0.00070119   0.000998501   0.000536269   7.05437e-05   0.00313058   0.00174253   -0.000937111   0.00138427   0.000246677   0.000605055   0.000193607   0.000277118   0.000766407   0.000552457   0.00126658   0.000509157   0.00125559   -0.00291697   -0.000672411   7.54977e-05   -0.00075971   -0.000978947   -0.00130142   -0.00217402   0.00869347   0.00052741   -0.00208989   -0.000306038   0.000122818   0.000159402   -4.42301e-05   -0.000416674   -0.000472814   -0.000699061   -0.000576508   5.86963e-05   -0.0011481   -0.00328436   -0.00041787   0.00139326   0.00120345   0.00627637   1   0.0172631   0.0179286   0.00932112   0.00436964   0.00257092   0.000671113   0.00121414   -0.000405329   -0.00161168   -2.66139e-05   0.00603649   1.74194e-07   3.73187e-06   -0.00086704   -0.000235056   0.00162527   0.00504982   -0.00178718   -0.0970322   
0.00218906   0.01213   0.00140351   0.00207245   0.00141538   0.00512741   0.00238145   0.00228902   0.00318923   0.00208851   0.00102876   -0.00155787   0.00136206   0.000621659   9.77734e-05   0.00152607   0.000525688   0.0015769   -0.00226721   0.00331437   0.00354384   -0.001328   0.00427622   0.00324855   0.00167769   -0.00442962   0.00215451   0.00457472   0.00229907   -0.00225393   -0.00209822   0.000545403   -0.000780767   0.00112297   -0.00125096   -0.00226431   -0.000167223   -0.00305166   -5.63446e-05   -0.00428799   0.000910102   0.00175809   -0.000760964   0.00111066   1   0.00627637   0.0077073   0.00910154   0.00378702   0.00131493   0.000792672   0.00353022   0.00303246   0.00272124   -0.0081561   0.000196773   0.04667   -1.7711e-06   5.05805e-06   -0.00219865   -0.00121604   0.00717411   -0.00546391   -0.00740796   -0.0415285   
-0.0160992   -0.00973566   0.000872697   0.00106939   0.00242469   0.00337838   0.00246205   0.00304941   0.00138817   8.27628e-05   0.00145678   0.000198484   0.00146811   0.00131941   0.000722211   0.00137611   0.000874122   0.00186186   0.000904052   0.00191104   -0.00726422   -4.81341e-05   0.00285232   0.00192003   0.00207678   -0.000667985   -0.0014957   -0.00148477   -0.00551219   -0.00244328   0.00312656   0.00162361   0.00038938   0.00235222   -0.000254016   0.0016818   -0.000211122   -0.000495274   0.000800211   0.000402596   -0.00437752   0.00119078   -0.000517923   1   0.00111066   0.00120345   0.00078775   0.001632   0.000876519   0.000370074   3.47713e-05   0.00114078   0.00190085   -0.00523745   0.000487544   -0.000138352   0.0137125   -7.32963e-07   -7.66952e-06   -0.00315024   0.00153743   0.00306719   0.0216119   -0.00235347   -0.00144508   
-0.0102704   0.00553403   0.000935925   0.00106063   0.00161754   -0.000485299   0.00251154   0.00485409   0.00446278   0.00428361   -0.000502931   0.0014548   -0.00135125   -0.000547436   0.000455476   -0.000498604   0.000251568   6.74592e-05   0.00338087   -0.00110404   0.0039419   0.00261728   -0.00538247   -0.00384375   -0.00250161   0.00399929   0.000913609   0.00418934   0.00637386   0.00419243   -0.00193217   -0.00207195   8.55813e-05   -0.00316214   0.00100447   -0.000358531   0.000212485   0.0022409   -0.000377691   0.00190529   0.00258362   -0.00170572   1   -0.000517923   -0.000760964   0.00139326   0.00246608   0.00115088   0.0015341   0.00104577   0.000564091   -0.00318892   0.0140411   -0.00079791   -0.0076786   0.000138638   -0.0410098   4.41833e-07   6.49985e-06   0.00438086   -0.00127921   0.00803664   -0.0117363   0.0095928   -0.0147524   
-0.00838529   -0.0182375   0.000711303   0.00104172   0.00136121   0.00470768   0.0021758   0.000896156   0.000384033   -0.00027743   0.00189805   -0.00106208   0.00260479   0.00110584   0.000333987   0.00180086   0.000895163   0.0019004   -0.00125229   0.00292085   -0.00565216   -0.00128605   0.0141467   0.0141283   0.0160715   0.00994258   0.0164407   0.0139322   0.0130278   0.010536   0.00870363   0.00431493   0.00295849   0.00897844   0.00283575   0.00488242   0.005725   0.00455272   0.00614193   0.00664277   0.00977104   1   -0.00170572   0.00119078   0.00175809   -0.00041787   -0.00174197   -8.68602e-05   -0.000784211   -0.000804428   -0.000568876   0.00318816   0.00757302   -0.00343687   -0.0167646   0.00168713   0.0419579   7.07668e-05   -5.91407e-05   -0.0119118   -0.00153479   0.000350144   0.0184135   0.000779365   0.0166789   
0.168987   0.0626429   0.00236071   0.00340448   -0.0114032   -0.00869811   -0.00741623   -0.0150134   0.00352787   0.0152568   -0.00194569   -0.00309793   -0.0038047   -0.00675103   -0.00270692   -0.00454579   -0.00022249   -0.00653696   -0.00833326   -0.00245514   0.0824064   -0.0011909   0.0250106   0.0387932   0.0441846   0.0572666   0.0942869   0.0937516   0.135501   0.0888785   -0.00135236   -0.00201216   0.00904823   0.00770664   0.0173163   0.00039328   0.0279117   0.0272029   0.0189191   0.0261707   1   0.00977104   0.00258362   -0.00437752   0.000910102   -0.00328436   -0.000432255   -0.00289976   -0.0041495   -0.00255582   0.00092185   0.000529171   0.00978052   -0.00257102   -0.0374531   0.00209712   -0.0085666   -8.83246e-05   -0.000135316   -0.0293787   -0.00185901   -0.00135759   -0.202676   -0.0336124   0.00939035   
-0.0234157   -0.10986   -8.66318e-05   -0.000617868   0.00153937   -0.00440122   -0.000259463   0.00268465   -0.00183045   -0.00236462   0.00405303   0.00408817   0.00255372   0.000515528   0.00138229   0.000242945   0.00210086   0.000865864   0.00661686   -0.00125412   -0.0165369   0.00220968   0.0226922   0.0257633   0.037582   0.0477622   0.038034   0.042502   0.0383159   0.0422061   0.0309789   0.00950631   0.0121254   0.0200969   0.0119985   0.0214136   0.0161129   0.0254836   0.0178316   1   0.0261707   0.00664277   0.00190529   0.000402596   -0.00428799   -0.0011481   -0.00137916   -0.0014956   0.000582148   0.00110411   0.000876136   -0.00515188   -0.0120238   1.71652e-05   0.0225519   0.000725557   -0.069882   9.42788e-06   1.79564e-05   0.0124049   0.0023333   -0.00261919   0.0358092   0.00956732   0.00385656   
-0.00242354   -0.0472748   0.000497806   0.000492227   0.000815224   0.000411213   0.000141905   0.000176816   -0.00122951   -0.00154205   0.00296187   0.00088004   0.00252305   0.000908212   0.000700195   0.0010958   0.00150437   0.00129219   0.00137825   0.00132079   -0.00716004   -0.000441457   0.0176231   0.0193955   0.0246034   0.02508   0.0267041   0.0273686   0.0260389   0.0251592   0.0165164   0.00604984   0.00660017   0.0128694   0.00681816   0.0107029   0.0102093   0.0128099   1   0.0178316   0.0189191   0.00614193   -0.000377691   0.000800211   -5.63446e-05   5.86963e-05   -0.000489373   0.000512221   0.000217626   0.000189761   0.000282529   0.000368969   0.000204067   -0.00302616   0.000124046   -0.000878166   7.55097e-05   1.25106e-06   0.000132421   -0.0035351   -0.000685025   -0.000555909   0.0164018   -0.00893353   0.0053343   
0.000965432   -0.0608209   -0.00050954   -0.000941888   -0.000975125   -0.0054428   -0.00172421   -3.51935e-05   -0.00127703   -0.000552779   0.00151967   0.00244125   0.000446418   -0.00104328   0.000270029   -0.000950776   0.000778611   -0.000810058   0.00378002   -0.0023528   -0.0026051   0.00165776   0.0147908   0.0184279   0.0269333   0.0366391   0.0332543   0.0374085   0.039514   0.0358036   0.0184888   0.00498247   0.00849236   0.0123113   0.00956013   0.0132324   0.0129815   1   0.0128099   0.0254836   0.0272029   0.00455272   0.0022409   -0.000495274   -0.00305166   -0.000576508   0.000104107   -0.000750201   0.00046695   0.000718567   0.000738507   -0.00437453   0.00181819   0.00146981   0.00292287   0.000141582   -0.0581592   -9.93995e-09   0.000144971   0.00614682   0.000904851   -0.0100452   -0.000950581   0.0108937   -0.00361372   
0.0194912   -0.0250215   -0.000375536   -0.000447688   -0.00231603   -0.00228949   -0.00212437   -0.00327734   -0.00173876   -0.000351136   0.000748782   -0.000236731   0.000702929   -0.00105053   -0.000443562   -0.000436499   0.000211725   -0.000897965   -0.000891032   -0.000460908   0.00521932   -0.000641495   0.0157203   0.0188046   0.0236178   0.0257613   0.0324328   0.0327791   0.0382407   0.0295047   0.0110577   0.00375747   0.00582482   0.0100822   0.00716518   0.00739673   1   0.0129815   0.0102093   0.0161129   0.0279117   0.005725   0.000212485   -0.000211122   -0.000167223   -0.000699061   -0.000595764   -0.000425675   -0.000647069   -0.000429212   0.000126784   2.1582e-06   0.00675027   -0.000276433   -0.0124117   0.00163549   -0.00163817   9.84089e-07   7.76794e-05   -0.00539904   0.000464462   0.00162244   -0.0179523   -0.000586513   0.00515343   
-0.0510035   -0.0981519   -8.91802e-05   -0.000434475   0.00389945   0.00110053   0.00223184   0.00489593   -0.00171353   -0.00442451   0.0040897   0.00277832   0.00381498   0.00222601   0.00161175   0.00192155   0.00190857   0.00274551   0.00508878   0.00124264   -0.0287322   0.000983248   0.0169303   0.0157687   0.0233104   0.0242674   0.0128837   0.0145372   0.00263987   0.0142311   0.0251314   0.00897056   0.00755969   0.0162497   0.00538921   1   0.00739673   0.0132324   0.0107029   0.0214136   0.00039328   0.00488242   -0.000358531   0.0016818   -0.00226431   -0.000472814   -0.00182741   -0.000533976   0.000676775   0.000784508   0.00015719   -0.00187847   -0.0138805   -0.00202392   0.0253614   0.00102341   -0.0226548   -4.61746e-06   6.31734e-05   0.011855   0.00104304   -0.00257659   0.071213   0.0121554   0.00791061   
0.0216176   -0.00302455   0.000699767   0.000351751   -0.000239353   -0.00302213   -0.00172421   -0.00152992   -0.00181413   -0.00136895   0.00224772   0.00184348   0.000419948   0.000608343   0.000844634   -5.99091e-05   0.00147797   0.000311519   0.00274345   -0.000623681   -0.000202604   0.000197383   0.00621135   0.0100967   0.0126788   0.0180977   0.0192155   0.0210157   0.0234459   0.0221773   0.00745335   0.0016998   0.00422963   0.00439964   1   0.00538921   0.00716518   0.00956013   0.00681816   0.0119985   0.0173163   0.00283575   0.00100447   -0.000254016   -0.00125096   -0.000416674   -0.000390846   -0.000799601   0.000162592   0.000559256   0.000620935   -0.00126466   -0.00136343   0.000420208   -0.0181728   -0.000759642   -0.0306415   1.80758e-06   4.52562e-05   -0.0198386   -0.00135608   -0.000730225   0.00256456   -0.0187865   0.010671   
-0.0466284   -0.108782   -0.000989702   -0.000813692   0.00170127   0.00478022   0.00186935   0.00153907   -0.00246275   -0.004481   0.00304024   -0.000893989   0.00520314   0.00123466   0.000129337   0.00247748   0.000658701   0.00219906   -0.00144114   0.00344449   -0.0234025   -0.00177141   0.02904   0.0257374   0.0332675   0.0242742   0.0233896   0.0215998   0.0113911   0.0151036   0.0266431   0.0116039   0.00783053   1   0.00439964   0.0162497   0.0100822   0.0123113   0.0128694   0.0200969   0.00770664   0.00897844   -0.00316214   0.00235222   0.00112297   -4.42301e-05   -0.00175882   0.00132177   -0.000273171   -0.00066734   -0.00063227   0.00279374   -0.0109859   0.00112796   0.0262291   0.00228806   0.0508519   -4.47956e-06   -3.76603e-05   0.0195762   0.00360362   -0.0049346   0.0554848   0.022983   0.0036312   
-0.00476789   -0.037395   -9.50132e-05   -0.00029815   0.000346004   -0.0012447   -0.000662446   -2.98403e-05   -0.00168139   -0.00209364   0.00183701   0.00115363   0.00135013   0.000511954   0.000487442   0.000374368   0.000856973   0.000505827   0.00169073   5.71723e-05   -0.0073089   2.31156e-05   0.00948093   0.0104339   0.014111   0.0160209   0.0138448   0.0152446   0.0128738   0.0145464   0.0113378   0.00384991   1   0.00783053   0.00422963   0.00755969   0.00582482   0.00849236   0.00660017   0.0121254   0.00904823   0.00295849   8.55813e-05   0.00038938   -0.000780767   0.000159402   3.57046e-05   0.000403765   0.000479373   0.000457427   0.000360641   -0.000826375   -0.00576122   0.000718935   0.00574419   0.000659249   -0.0135341   8.73843e-06   7.1487e-05   0.00182836   0.000667659   -0.00142949   0.0161361   -0.00329644   -0.000644169   
-0.0292056   -0.0588676   -8.42617e-05   -4.70628e-05   0.00215208   0.00334878   0.00147777   0.0016294   -0.00169592   -0.00346309   0.00270204   0.000134457   0.00340935   0.00172988   0.000674446   0.00194639   0.00100556   0.00211477   0.000248521   0.00254577   -0.0176901   -0.00104019   0.0141556   0.0119288   0.0151725   0.0096618   0.00674712   0.00574207   -0.00282091   0.00374767   0.0148736   1   0.00384991   0.0116039   0.0016998   0.00897056   0.00375747   0.00498247   0.00604984   0.00950631   -0.00201216   0.00431493   -0.00207195   0.00162361   0.000545403   0.000122818   -0.00114382   0.000795169   0.000111652   -6.82788e-05   -0.000236608   0.001791   -0.0137035   0.000156985   0.0181809   0.000336447   0.0269811   3.91437e-06   4.74426e-06   0.00640236   0.00124841   -0.00175267   0.0464694   0.00452959   0.0053796   
-0.0786009   -0.151925   -0.000199797   -0.000600674   0.00600674   0.00355354   0.00338772   0.00655475   -0.00359425   -0.0081374   0.00673397   0.00332509   0.00685097   0.00395781   0.00237007   0.00366036   0.00297097   0.00472689   0.0061291   0.00324978   -0.0466153   0.00022429   0.0292299   0.0264628   0.0371603   0.0341834   0.0192729   0.0204866   0.000553637   0.018793   1   0.0148736   0.0113378   0.0266431   0.00745335   0.0251314   0.0110577   0.0184888   0.0165164   0.0309789   -0.00135236   0.00870363   -0.00193217   0.00312656   -0.00209822   -0.000306038   -0.00278468   0.00011942   0.000975087   0.000926726   3.55677e-05   -0.000732269   -0.0228183   -0.00147987   0.0387357   0.000502134   -0.00620609   3.64639e-06   4.67109e-05   0.0172565   0.000992579   -0.00605463   0.115989   0.0125401   0.0124744   
0.109047   -0.00291265   0.00496122   0.00554741   -0.00219172   -0.00674965   -0.00235106   -0.00415806   0.00390486   0.0105115   0.00534197   0.00356287   -3.63721e-05   -0.00101543   0.00157616   -0.00126076   0.00441866   -0.00097346   0.00427376   -0.000424648   0.042743   0.00182886   0.0272286   0.0420411   0.0516   0.0714185   0.088677   0.0926433   0.117549   1   0.018793   0.00374767   0.0145464   0.0151036   0.0221773   0.0142311   0.0295047   0.0358036   0.0251592   0.0422061   0.0888785   0.010536   0.00419243   -0.00244328   -0.00225393   -0.00208989   -0.000720725   -0.00268673   -0.00120176   0.000410887   0.00215134   -0.00347122   -0.00504837   0.00425811   -0.031727   -0.000219505   -0.0812368   -5.34536e-08   -0.000153799   -0.0319353   -0.00349865   0.00772923   -0.0991353   -0.0672167   0.0170014   
0.175262   0.0597888   0.00113891   0.00231389   -0.0148991   -0.0123764   -0.00807052   -0.0144522   0.00685399   0.0197331   -0.00521739   -0.00407158   -0.00629176   -0.0108274   -0.00447114   -0.00676184   -0.00210488   -0.00956843   -0.00904993   -0.00555618   0.098059   0.000468609   0.0326258   0.0503355   0.0614131   0.0816383   0.127218   0.132198   1   0.117549   0.000553637   -0.00282091   0.0128738   0.0113911   0.0234459   0.00263987   0.0382407   0.039514   0.0260389   0.0383159   0.135501   0.0130278   0.00637386   -0.00551219   0.00229907   0.00052741   0.00627756   0.00224672   -0.00152005   -0.0016843   0.00160889   -0.00253141   0.0570175   0.0078177   -0.0768408   -7.06937e-05   -0.0353394   3.96683e-05   -0.000420821   -0.0179752   -0.00179326   0.00957957   -0.262298   -0.000594743   -0.0341401   
0.0959336   -0.0209081   0.000862595   0.00116817   -0.00754509   -0.00789301   -0.00550431   -0.00678594   0.00194167   0.00683352   0.00118956   -0.000802919   -0.000486052   -0.00525704   -0.00165501   -0.00246358   0.000588593   -0.0034478   -0.00285675   -0.00181253   0.0412207   -0.000659082   0.0381516   0.0493694   0.0621624   0.0746995   0.0994073   1   0.132198   0.0926433   0.0204866   0.00574207   0.0152446   0.0215998   0.0210157   0.0145372   0.0327791   0.0374085   0.0273686   0.042502   0.0937516   0.0139322   0.00418934   -0.00148477   0.00457472   0.00869347   0.0142938   0.0133686   0.00559623   0.00224656   0.00290135   -0.00138386   0.025083   0.00493252   -0.0482164   -0.00334331   -0.0249825   -3.59542e-06   -0.000319839   -0.0235516   -0.00373569   0.00037499   -0.11181   0.00549125   -0.073352   
0.0846498   -0.0216354   0.00115045   0.00213179   -0.00694644   -0.00215901   -0.00286508   -0.00837418   0.00222513   0.00890341   0.000385738   -0.00309452   0.000657683   -0.00437275   -0.00194847   -0.00144219   0.000281504   -0.00317912   -0.00624161   0.000517674   0.0437268   -0.00157963   0.0431005   0.0534672   0.0644306   0.0687733   1   0.0994073   0.127218   0.088677   0.0192729   0.00674712   0.0138448   0.0233896   0.0192155   0.0128837   0.0324328   0.0332543   0.0267041   0.038034   0.0942869   0.0164407   0.000913609   -0.0014957   0.00215451   -0.00217402   -0.00141087   -0.0012545   -0.00307896   -0.00238557   6.96091e-05   0.00223783   0.0339963   0.0031018   -0.0490475   0.000758329   0.0274375   -2.73743e-05   -5.20201e-06   -0.0149431   -0.00163106   0.0134046   -0.118468   -0.00939659   0.0130564   
0.0023057   -0.109711   0.000572964   0.000373187   -0.000438474   -0.00636845   -0.000351796   0.00210288   0.00138138   0.00338677   0.00321851   0.00383794   0.0014062   -0.0017172   0.000757506   -0.00100087   0.00198005   -0.000661183   0.00620027   -0.00238415   0.00282167   0.00334054   0.0313081   0.038437   0.0542703   1   0.0687733   0.0746995   0.0816383   0.0714185   0.0341834   0.0096618   0.0160209   0.0242742   0.0180977   0.0242674   0.0257613   0.0366391   0.02508   0.0477622   0.0572666   0.00994258   0.00399929   -0.000667985   -0.00442962   -0.00130142   -0.000433646   -0.00157775   0.000305083   0.000852808   0.00122685   -0.00671769   0.00715812   -0.00415151   0.0106666   -0.0012334   -0.0896824   -7.65641e-06   7.26399e-06   0.0116215   0.00107442   0.00492539   -0.0172451   0.0146208   -0.00147109   
-0.0260248   -0.127116   -0.000169857   0.000426181   0.00036387   0.00501946   0.00221909   0.000459485   -0.000626494   -0.000677783   0.00382489   -0.00154185   0.00597505   4.59674e-05   -0.000190225   0.00240972   0.00121774   0.00174505   -0.00246202   0.00406916   -0.0108278   -0.00178962   0.0474641   0.048275   1   0.0542703   0.0644306   0.0621624   0.0614131   0.0516   0.0371603   0.0151725   0.014111   0.0332675   0.0126788   0.0233104   0.0236178   0.0269333   0.0246034   0.037582   0.0441846   0.0160715   -0.00250161   0.00207678   0.00167769   -0.000978947   -0.00271572   0.000523971   -0.00134209   -0.00145016   -0.00063343   0.00324384   0.00730326   0.00165287   0.00632559   -0.00135896   0.0559807   1.06977e-05   0.000143327   0.0134593   0.00153113   0.00465308   0.0203487   0.0210945   0.0122327   
0.00971956   -0.0727127   0.000860218   0.00151963   -0.000198469   0.00551133   0.000419556   -0.00329655   -0.00229643   -0.00172164   0.0045659   -0.00211733   0.00571255   0.00127385   0.000132648   0.00276871   0.00186948   0.00208282   -0.00418188   0.00527898   -0.00357617   -0.00365623   0.0397297   1   0.048275   0.038437   0.0534672   0.0493694   0.0503355   0.0420411   0.0264628   0.0119288   0.0104339   0.0257374   0.0100967   0.0157687   0.0188046   0.0184279   0.0193955   0.0257633   0.0387932   0.0141283   -0.00384375   0.00192003   0.00324855   -0.00075971   -0.0026969   0.000831797   -0.00164148   -0.00154364   -0.000467651   0.00613412   -0.0043224   0.00152032   -0.00443064   0.000450491   0.0789521   2.06101e-05   -1.10427e-06   -0.00623921   -0.00214219   0.00439941   0.0100694   -0.0177218   0.0195288   
-0.0243646   -0.107103   -0.00041644   0.000384655   0.000298818   0.00845359   0.00192323   -0.00155158   -0.00212267   -0.00276358   0.00350513   -0.00363316   0.00681889   0.000934737   -0.000587434   0.00334732   0.000703155   0.00242859   -0.00645   0.00620462   -0.0128368   -0.00421249   1   0.0397297   0.0474641   0.0313081   0.0431005   0.0381516   0.0326258   0.0272286   0.0292299   0.0141556   0.00948093   0.02904   0.00621135   0.0169303   0.0157203   0.0147908   0.0176231   0.0226922   0.0250106   0.0141467   -0.00538247   0.00285232   0.00427622   7.54977e-05   -0.00208551   0.00255306   -0.00132199   -0.00191899   -0.00105913   0.00737077   -0.00568674   -0.00281692   0.021819   -0.000587872   0.111986   -8.92821e-06   2.4718e-05   0.013637   0.00141176   -0.00506161   0.0308604   0.0129893   0.00789996   
-0.0353677   -0.00868131   0.00334413   0.00423796   0.00622023   0.00566461   0.00881713   0.0117888   0.0106519   0.0101431   0.00101305   0.00207925   -1.1992e-05   0.000915787   0.00167778   0.00112812   0.0016396   0.00245853   0.00544754   0.00165283   0.00328202   1   -0.00421249   -0.00365623   -0.00178962   0.00334054   -0.00157963   -0.000659082   0.000468609   0.00182886   0.00022429   -0.00104019   2.31156e-05   -0.00177141   0.000197383   0.000983248   -0.000641495   0.00165776   -0.000441457   0.00220968   -0.0011909   -0.00128605   0.00261728   -4.81341e-05   -0.001328   -0.000672411   -0.000997301   -0.00191227   7.6123e-05   0.000395734   3.39162e-05   -0.0030937   0.00751789   0.00250674   -0.000227911   0.00012624   -0.0364049   1.29916e-07   8.90197e-07   0.00991552   0.00107708   0.00474004   0.00232452   0.0158408   0.00511535   
0.219884   0.186909   0.00962052   0.0134645   -0.00757714   0.00196248   0.00421395   -0.00499435   0.0272333   0.0457314   -0.00658921   -0.00584637   -0.00907128   -0.00942372   -0.00287542   -0.00574297   -0.000679091   -0.0068498   -0.0135996   0.00123918   1   0.00328202   -0.0128368   -0.00357617   -0.0108278   0.00282167   0.0437268   0.0412207   0.098059   0.042743   -0.0466153   -0.0176901   -0.0073089   -0.0234025   -0.000202604   -0.0287322   0.00521932   -0.0026051   -0.00716004   -0.0165369   0.0824064   -0.00565216   0.0039419   -0.00726422   0.00354384   -0.00291697   0.00259494   -0.00238344   -0.00549056   -0.00371208   0.00110993   0.000914555   -0.0559313   -0.00651514   0.0417296   0.000297139   0.0118039   9.25141e-06   0.000113306   -0.0147661   0.00100528   -0.0110607   -0.326423   0.000964181   -0.0139165   
-0.0266837   -0.0028329   0.00667879   0.00853474   0.0103483   0.015221   0.012885   0.0136436   0.0128817   0.01143   0.00564266   0.000871818   0.00423803   0.0045682   0.00323108   0.00484206   0.0043828   0.00673833   0.00332484   1   0.00123918   0.00165283   0.00620462   0.00527898   0.00406916   -0.00238415   0.000517674   -0.00181253   -0.00555618   -0.000424648   0.00324978   0.00254577   5.71723e-05   0.00344449   -0.000623681   0.00124264   -0.000460908   -0.0023528   0.00132079   -0.00125412   -0.00245514   0.00292085   -0.00110404   0.00191104   0.00331437   0.00125559   -0.000481149   0.00155362   0.000508227   0.000225017   4.67676e-05   0.00371059   -0.0138396   0.00203767   0.00156375   0.000115555   0.0411389   -7.58626e-07   -8.11609e-06   -0.00871145   0.000396185   -1.05294e-05   0.0272826   -0.0223245   0.012429   
-0.0466579   -0.0105132   0.00573607   0.0064062   0.0113944   0.00708318   0.0112818   0.016772   0.0109863   0.00799759   0.0056946   0.00575581   0.00189386   0.00469663   0.00439112   0.00319011   0.00487931   0.00613978   1   0.00332484   -0.0135996   0.00544754   -0.00645   -0.00418188   -0.00246202   0.00620027   -0.00624161   -0.00285675   -0.00904993   0.00427376   0.0061291   0.000248521   0.00169073   -0.00144114   0.00274345   0.00508878   -0.000891032   0.00378002   0.00137825   0.00661686   -0.00833326   -0.00125229   0.00338087   0.000904052   -0.00226721   0.000509157   -0.000521983   -0.00122735   0.00193991   0.00217894   0.000902038   -0.00414563   0.00297316   -0.00131252   -0.0116323   -0.000178605   -0.0713301   -8.44617e-07   -1.18905e-05   -0.0105149   -0.00254996   -0.00115816   0.052732   -0.020455   0.0134186   
-0.032525   -0.00178446   0.0060797   0.00730973   0.0105254   0.0124051   0.0118596   0.0140983   0.0111716   0.00890502   0.00580422   0.00238028   0.00374016   0.00473244   0.00361074   0.00443369   0.00455022   1   0.00613978   0.00673833   -0.0068498   0.00245853   0.00242859   0.00208282   0.00174505   -0.000661183   -0.00317912   -0.0034478   -0.00956843   -0.00097346   0.00472689   0.00211477   0.000505827   0.00219906   0.000311519   0.00274551   -0.000897965   -0.000810058   0.00129219   0.000865864   -0.00653696   0.0019004   6.74592e-05   0.00186186   0.0015769   0.00126658   -0.000309228   0.00101091   0.00119992   0.000889496   0.000250853   0.00159789   -0.00478244   -0.0134273   -0.00276063   4.21346e-06   0.00861352   -9.78074e-07   -1.10604e-05   -0.0207735   -0.00354072   -0.00617537   0.0462186   -0.0159696   0.016587   
-0.00439912   0.00591837   0.00470153   0.0054881   0.00685044   0.00686406   0.00690743   0.00818162   0.00693238   0.0060855   0.00479828   0.00238516   0.00234636   0.00352836   0.00282022   0.002793   1   0.00455022   0.00487931   0.0043828   -0.000679091   0.0016396   0.000703155   0.00186948   0.00121774   0.00198005   0.000281504   0.000588593   -0.00210488   0.00441866   0.00297097   0.00100556   0.000856973   0.000658701   0.00147797   0.00190857   0.000211725   0.000778611   0.00150437   0.00210086   -0.00022249   0.000895163   0.000251568   0.000874122   0.000525688   0.000552457   -0.000363601   0.000224709   0.000709944   0.000838782   0.000557012   0.000654761   -0.0152939   -0.0039682   -0.000989773   0.000403867   -0.00714024   -4.29176e-07   -6.25559e-06   -0.0186478   -0.00186363   -0.00547675   0.0247608   -0.026829   0.013494   
-0.0246513   -0.00643199   0.00373333   0.00464128   0.00671821   0.00876428   0.00766813   0.00874708   0.00680246   0.00514929   0.00372897   0.00107188   0.0027694   0.00318487   0.00218547   1   0.002793   0.00443369   0.00319011   0.00484206   -0.00574297   0.00112812   0.00334732   0.00276871   0.00240972   -0.00100087   -0.00144219   -0.00246358   -0.00676184   -0.00126076   0.00366036   0.00194639   0.000374368   0.00247748   -5.99091e-05   0.00192155   -0.000436499   -0.000950776   0.0010958   0.000242945   -0.00454579   0.00180086   -0.000498604   0.00137611   0.00152607   0.000766407   -0.00048986   0.00074211   0.000566808   0.00037544   2.17017e-05   0.00178703   -0.00275248   -0.00152485   -0.00278222   -0.000100627   0.017386   -7.76827e-07   -8.93987e-06   -0.00718905   -0.00109239   -0.00102921   0.0300934   -0.0143906   0.00972334   
-0.0114181   0.00220102   0.00356162   0.00413632   0.00575292   0.00548504   0.00588583   0.0073144   0.00570635   0.00469732   0.00356996   0.00206801   0.001718   0.00278955   1   0.00218547   0.00282022   0.00361074   0.00439112   0.00323108   -0.00287542   0.00167778   -0.000587434   0.000132648   -0.000190225   0.000757506   -0.00194847   -0.00165501   -0.00447114   0.00157616   0.00237007   0.000674446   0.000487442   0.000129337   0.000844634   0.00161175   -0.000443562   0.000270029   0.000700195   0.00138229   -0.00270692   0.000333987   0.000455476   0.000722211   9.77734e-05   0.000277118   -0.000538441   -0.000191397   0.00055664   0.000699984   0.000365065   3.34039e-05   -0.0103022   -0.00174282   -0.00223195   9.48401e-05   -0.0103548   -3.93808e-07   -5.03873e-06   -0.0129453   -0.000760675   0.000172149   0.0244813   -0.0162671   0.0116902   
-0.0161127   -0.000446161   0.0039342   0.00456228   0.0069311   0.00717489   0.00630869   0.00749422   0.00469987   0.00283908   0.00487806   0.00218526   0.0028863   1   0.00278955   0.00318487   0.00352836   0.00473244   0.00469663   0.0045682   -0.00942372   0.000915787   0.000934737   0.00127385   4.59674e-05   -0.0017172   -0.00437275   -0.00525704   -0.0108274   -0.00101543   0.00395781   0.00172988   0.000511954   0.00123466   0.000608343   0.00222601   -0.00105053   -0.00104328   0.000908212   0.000515528   -0.00675103   0.00110584   -0.000547436   0.00131941   0.000621659   0.000193607   -0.00137034   -0.0002695   0.00045837   0.000690427   0.00026887   0.00143836   -0.0108943   -0.000364772   -0.00464594   -9.17234e-05   0.00350282   -8.16717e-07   -9.66172e-06   -0.0148136   -0.000296538   -0.00183239   0.0407105   -0.0334499   0.0176861   
-0.0195617   -0.0196007   0.00254058   0.00313505   0.00497833   0.00679007   0.00505341   0.00548309   0.00334313   0.001792   0.00366125   0.000704217   1   0.0028863   0.001718   0.0027694   0.00234636   0.00374016   0.00189386   0.00423803   -0.00907128   -1.1992e-05   0.00681889   0.00571255   0.00597505   0.0014062   0.000657683   -0.000486052   -0.00629176   -3.63721e-05   0.00685097   0.00340935   0.00135013   0.00520314   0.000419948   0.00381498   0.000702929   0.000446418   0.00252305   0.00255372   -0.0038047   0.00260479   -0.00135125   0.00146811   0.00136206   0.000605055   -0.000664985   0.000916311   0.000399909   0.00022377   -1.27877e-05   0.00225061   -0.00935822   -0.00301031   0.00516477   0.000769357   0.0241987   -1.21395e-06   -1.65065e-05   -0.00569058   -0.000638628   -0.00622698   0.0352854   -0.0138506   0.00895423   
-0.00813627   -0.0033002   0.00237893   0.00241699   0.00425255   0.0010016   0.00312026   0.00542031   0.00294562   0.00194071   0.00302611   1   0.000704217   0.00218526   0.00206801   0.00107188   0.00238516   0.00238028   0.00575581   0.000871818   -0.00584637   0.00207925   -0.00363316   -0.00211733   -0.00154185   0.00383794   -0.00309452   -0.000802919   -0.00407158   0.00356287   0.00332509   0.000134457   0.00115363   -0.000893989   0.00184348   0.00277832   -0.000236731   0.00244125   0.00088004   0.00408817   -0.00309793   -0.00106208   0.0014548   0.000198484   -0.00155787   0.000246677   1.7736e-05   -0.000468058   0.00102731   0.00125345   0.000720048   -0.00223354   -0.0111276   -0.00016732   0.000155621   -8.46903e-05   -0.0417381   -3.72147e-07   -6.33078e-06   -0.00987125   1.77282e-05   -0.00216613   0.0253589   -0.0158718   0.00602635   
-0.0029623   -0.000880691   0.00533207   0.00605987   0.00800947   0.00775712   0.00698151   0.00832036   0.00588789   0.00430755   1   0.00302611   0.00366125   0.00487806   0.00356996   0.00372897   0.00479828   0.00580422   0.0056946   0.00564266   -0.00658921   0.00101305   0.00350513   0.0045659   0.00382489   0.00321851   0.000385738   0.00118956   -0.00521739   0.00534197   0.00673397   0.00270204   0.00183701   0.00304024   0.00224772   0.0040897   0.000748782   0.00151967   0.00296187   0.00405303   -0.00194569   0.00189805   -0.000502931   0.00145678   0.00102876   0.00138427   0.000213609   0.00147041   0.00139268   0.0013187   0.000856718   0.00155888   -0.0288743   -0.00149296   0.000175467   0.000631161   -0.00151096   -1.05785e-06   -1.50109e-05   -0.0272508   -0.0019888   -0.00874797   0.0458056   -0.0376296   0.0143773   
-0.0454851   0.0210024   0.0140952   0.0185449   0.0187252   0.0264238   0.0299577   0.0334739   0.0389759   1   0.00430755   0.00194071   0.001792   0.00283908   0.00469732   0.00514929   0.0060855   0.00890502   0.00799759   0.01143   0.0457314   0.0101431   -0.00276358   -0.00172164   -0.000677783   0.00338677   0.00890341   0.00683352   0.0197331   0.0105115   -0.0081374   -0.00346309   -0.00209364   -0.004481   -0.00136895   -0.00442451   -0.000351136   -0.000552779   -0.00154205   -0.00236462   0.0152568   -0.00027743   0.00428361   8.27628e-05   0.00208851   -0.000937111   -0.00189264   -0.0025973   -0.00114125   -0.000582609   -0.000121471   -0.00125357   -0.000616649   -0.00206335   0.0140316   0.000540678   -0.00709615   1.72291e-06   2.16144e-05   0.0120669   0.00143106   -0.00243248   -0.0546234   0.0257858   0.016455   
-0.0841044   0.00257626   0.0144227   0.0188584   0.0222649   0.0296169   0.032958   0.0387431   1   0.0389759   0.00588789   0.00294562   0.00334313   0.00469987   0.00570635   0.00680246   0.00693238   0.0111716   0.0109863   0.0128817   0.0272333   0.0106519   -0.00212267   -0.00229643   -0.000626494   0.00138138   0.00222513   0.00194167   0.00685399   0.00390486   -0.00359425   -0.00169592   -0.00168139   -0.00246275   -0.00181413   -0.00171353   -0.00173876   -0.00127703   -0.00122951   -0.00183045   0.00352787   0.000384033   0.00446278   0.00138817   0.00318923   0.00174253   0.000560598   0.000634026   0.00118963   0.00065635   9.77475e-05   -0.0011841   0.0119793   0.00252527   0.00140602   4.58727e-05   -0.00584632   6.26932e-07   1.0968e-05   0.015335   0.000846606   0.00171941   -0.0125103   0.0251644   0.00341132   
-0.144028   -0.0393704   0.0141767   0.0181971   0.0270347   0.0317532   0.0359423   1   0.0387431   0.0334739   0.00832036   0.00542031   0.00548309   0.00749422   0.0073144   0.00874708   0.00818162   0.0140983   0.016772   0.0136436   -0.00499435   0.0117888   -0.00155158   -0.00329655   0.000459485   0.00210288   -0.00837418   -0.00678594   -0.0144522   -0.00415806   0.00655475   0.0016294   -2.98403e-05   0.00153907   -0.00152992   0.00489593   -0.00327734   -3.51935e-05   0.000176816   0.00268465   -0.0150134   0.000896156   0.00485409   0.00304941   0.00228902   0.00313058   0.000916701   0.00173375   0.00322036   0.00209585   0.000184943   -0.00263648   0.0264876   0.00378938   -0.00627491   -3.04549e-05   -0.0261368   -1.32347e-06   -1.27676e-05   0.0213225   0.000851013   0.00440216   0.0599774   0.0243269   0.00168561   
-0.104452   -0.0195096   0.0125105   0.0162355   0.0220793   0.0288851   1   0.0359423   0.032958   0.0299577   0.00698151   0.00312026   0.00505341   0.00630869   0.00588583   0.00766813   0.00690743   0.0118596   0.0112818   0.012885   0.00421395   0.00881713   0.00192323   0.000419556   0.00221909   -0.000351796   -0.00286508   -0.00550431   -0.00807052   -0.00235106   0.00338772   0.00147777   -0.000662446   0.00186935   -0.00172421   0.00223184   -0.00212437   -0.00172421   0.000141905   -0.000259463   -0.00741623   0.0021758   0.00251154   0.00246205   0.00238145   7.05437e-05   -0.00286179   -0.00161385   0.000218892   0.000248262   -0.000549522   0.000225167   0.0146907   0.00306593   -0.00611151   -0.00024793   0.00966017   -7.79299e-07   -7.16546e-06   0.00974788   0.000135865   0.00298899   0.0373331   0.0161193   0.0253224   
-0.0921436   -0.0132932   0.0121531   0.0160002   0.0209708   1   0.0288851   0.0317532   0.0296169   0.0264238   0.00775712   0.0010016   0.00679007   0.00717489   0.00548504   0.00876428   0.00686406   0.0124051   0.00708318   0.015221   0.00196248   0.00566461   0.00845359   0.00551133   0.00501946   -0.00636845   -0.00215901   -0.00789301   -0.0123764   -0.00674965   0.00355354   0.00334878   -0.0012447   0.00478022   -0.00302213   0.00110053   -0.00228949   -0.0054428   0.000411213   -0.00440122   -0.00869811   0.00470768   -0.000485299   0.00337838   0.00512741   0.000536269   -0.00318923   -0.000146761   -0.000275655   -0.000492567   -0.000942592   0.00495529   0.00870269   0.00176269   -0.00686118   -0.000484845   0.069131   -1.14986e-06   -9.68318e-06   0.00147482   -0.000269126   0.00438471   0.0443433   -0.00135762   0.0303221   
-0.0756115   -0.0165853   0.0101325   0.0125847   1   0.0209708   0.0220793   0.0270347   0.0222649   0.0187252   0.00800947   0.00425255   0.00497833   0.0069311   0.00575292   0.00671821   0.00685044   0.0105254   0.0113944   0.0103483   -0.00757714   0.00622023   0.000298818   -0.000198469   0.00036387   -0.000438474   -0.00694644   -0.00754509   -0.0148991   -0.00219172   0.00600674   0.00215208   0.000346004   0.00170127   -0.000239353   0.00389945   -0.00231603   -0.000975125   0.000815224   0.00153937   -0.0114032   0.00136121   0.00161754   0.00242469   0.00141538   0.000998501   -0.00149188   -0.000193571   0.00136274   0.00128654   0.000229443   0.000172931   -0.000874965   -0.000881345   -0.00284205   -0.000335302   -0.0072214   -1.19771e-06   -1.32787e-05   -0.0045429   0.00046131   -0.000225575   0.0583864   -0.0167323   0.0207827   
-0.0191506   0.0144558   0.00903055   1   0.0125847   0.0160002   0.0162355   0.0181971   0.0188584   0.0185449   0.00605987   0.00241699   0.00313505   0.00456228   0.00413632   0.00464128   0.0054881   0.00730973   0.0064062   0.00853474   0.0134645   0.00423796   0.000384655   0.00151963   0.000426181   0.000373187   0.00213179   0.00116817   0.00231389   0.00554741   -0.000600674   -4.70628e-05   -0.00029815   -0.000813692   0.000351751   -0.000434475   -0.000447688   -0.000941888   0.000492227   -0.000617868   0.00340448   0.00104172   0.00106063   0.00106939   0.00207245   0.00070119   -0.000574268   0.000161346   0.000448276   0.000580241   0.00045904   0.00126456   -0.0143933   0.00111053   0.000766949   0.000267577   0.00469781   1.44853e-07   2.41045e-06   -0.0108661   -0.000136403   -0.00330034   0.0056461   -0.0247441   0.0147315   
-0.0105762   0.0161707   1   0.00903055   0.0101325   0.0121531   0.0125105   0.0141767   0.0144227   0.0140952   0.00533207   0.00237893   0.00254058   0.0039342   0.00356162   0.00373333   0.00470153   0.0060797   0.00573607   0.00667879   0.00962052   0.00334413   -0.00041644   0.000860218   -0.000169857   0.000572964   0.00115045   0.000862595   0.00113891   0.00496122   -0.000199797   -8.42617e-05   -9.50132e-05   -0.000989702   0.000699767   -8.91802e-05   -0.000375536   -0.00050954   0.000497806   -8.66318e-05   0.00236071   0.000711303   0.000935925   0.000872697   0.00140351   0.000640691   -0.000364905   0.000141176   0.000546673   0.000675181   0.000512793   0.000851633   -0.0152507   -0.00239654   -0.000535425   -0.000240521   -0.00224147   7.78174e-08   1.40843e-06   -0.0172282   -0.00128677   -0.00227777   0.0105355   -0.0218641   0.0149402   
0.63074   1   0.0161707   0.0144558   -0.0165853   -0.0132932   -0.0195096   -0.0393704   0.00257626   0.0210024   -0.000880691   -0.0033002   -0.0196007   -0.000446161   0.00220102   -0.00643199   0.00591837   -0.00178446   -0.0105132   -0.0028329   0.186909   -0.00868131   -0.107103   -0.0727127   -0.127116   -0.109711   -0.0216354   -0.0209081   0.0597888   -0.00291265   -0.151925   -0.0588676   -0.037395   -0.108782   -0.00302455   -0.0981519   -0.0250215   -0.0608209   -0.0472748   -0.10986   0.0626429   -0.0182375   0.00553403   -0.00973566   0.01213   0.00363094   0.010197   0.000159286   -0.00124749   7.75714e-05   0.00355256   0.0158105   0.106184   0.00568401   -0.2504   -0.0199039   0.0101317   2.14074e-05   0.000349222   -0.646225   -0.125949   0.0414776   -0.29102   -0.197868   0.212475   
1   0.63074   -0.0105762   -0.0191506   -0.0756115   -0.0921436   -0.104452   -0.144028   -0.0841044   -0.0454851   -0.0029623   -0.00813627   -0.0195617   -0.0161127   -0.0114181   -0.0246513   -0.00439912   -0.032525   -0.0466579   -0.0266837   0.219884   -0.0353677   -0.0243646   0.00971956   -0.0260248   0.0023057   0.0846498   0.0959336   0.175262   0.109047   -0.0786009   -0.0292056   -0.00476789   -0.0466284   0.0216176   -0.0510035   0.0194912   0.000965432   -0.00242354   -0.0234157   0.168987   -0.00838529   -0.0102704   -0.0160992   0.00218906   0.00121589   0.0170366   0.00945015   -0.00407732   -0.000841369   0.00913851   0.0158911   -0.271207   -0.0193524   0.0726204   0.00226393   7.50735e-06   1.59157e-05   0.000187803   -0.473846   -0.00770755   -0.131192   -0.447322   -0.306517   0.0555961   


NLL
185.02

