ttXsec   -0.0376926 +0.985583 -0.985583  -0.00542939   0.00387955  -0.00551112   0.00404612 
ttgamXsec   0.191997 +0.936052 -0.936052  -0.00412592   0.00350765  -0.00443248   0.00301319 
VjetXsec   -0.0257389 +0.990315 -0.990315  -0.00214798   0.00107748  -0.00216701   0.000909708 
VVXsec   -0.0013085 +0.993375 -0.993375  -0.000362693   -0.000237439  -0.000360956   -0.00023277 
Lumi   0.0345625 +0.925328 -0.925328  -0.0119366   0.013099  -0.0122911   0.0142331 
stXsec   -0.0335501 +0.993409 -0.993409  -0.000524795   -6.78776e-05  -0.000526521   -4.38245e-05 
LepSF_EL_Trigger   0 +1 -1  -0.000599837   -0.000599837  -0.000599837   -0.000599837 
LepSF_EL_Reco   0 +1 -1  -0.000599837   -0.000599837  -0.000599837   -0.000599837 
LepSF_EL_ID   0 +1 -1  -0.000599837   -0.000599837  -0.000599837   -0.000599837 
LepSF_EL_Isol   0 +1 -1  -0.000599837   -0.000599837  -0.000599837   -0.000599837 
LepSF_MU_ID_STAT   0 +1 -1  -0.000599837   -0.000599837  -0.000599837   -0.000599837 
LepSF_MU_ID_STAT_LOWPT   0 +1 -1  -0.000599837   -0.000599837  -0.000599837   -0.000599837 
LepSF_MU_ID_SYST   0 +1 -1  -0.000599837   -0.000599837  -0.000599837   -0.000599837 
LepSF_MU_ID_SYST_LOWPT   0 +1 -1  -0.000599837   -0.000599837  -0.000599837   -0.000599837 
LepSF_MU_Isol_STAT   0 +1 -1  -0.000599837   -0.000599837  -0.000599837   -0.000599837 
LepSF_MU_Isol_SYST   0 +1 -1  -0.000599837   -0.000599837  -0.000599837   -0.000599837 
LepSF_Mu_TTVA_STAT   0 +1 -1  -0.000599837   -0.000599837  -0.000599837   -0.000599837 
LepSF_Mu_TTVA_SYST   0 +1 -1  -0.000599837   -0.000599837  -0.000599837   -0.000599837 
LepSF_Mu_Trigger_STAT   0 +1 -1  -0.000599837   -0.000599837  -0.000599837   -0.000599837 
LepSF_Mu_Trigger_SYST   0 +1 -1  -0.000599837   -0.000599837  -0.000599837   -0.000599837 
PhotonSF_ID   -0.0835763 +0.828368 -0.828368  -0.00410484   -0.000550732  -0.00515557   -0.000492241 
PhotonSF_effIso   0 +1.02326 -1.02326  -0.00456579   -0.00456579  -0.00548684   -0.00548684 
Pileup   0.703007 +0.580785 -0.580785  0.00410885   0.00102152  0.0105055   -0.00465381 
JVT   -0.117802 +1.09612 -1.09612  -0.00452954   -0.00983366  -0.00424511   -0.00944113 
EGamFake   -0.156983 +0.80213 -0.80213  -0.00827559   0.00370261  -0.00973003   0.00482097 
JGamFake   -0.297683 +0.823845 -0.823845  -0.028479   0.0241498  -0.0346095   0.0292162 
Scalemurmufttbar   0 +1 -1  -0.000599837   -0.000599837  -0.000599837   -0.000599837 
Scalemurmufttgam   0.0381242 +0.860412 -0.860412  0.000788677   0.00216858  0.000926463   0.00233131 
ScalemurmufWgam   0.00895988 +0.962401 -0.962401  -0.00165302   -0.000205558  -0.00170918   -0.000165935 
ScalemurmufZgam   0.0250245 +1.00009 -1.00009  -0.00128449   -3.58805e-05  -0.0012844   -3.56018e-05 
ScalemurmufZJets   -0.139582 +0.828512 -0.828512  -0.00873916   -0.00366625  -0.0106117   -0.0043236 
ScalemurmufVV   0 +1 -1  -0.000599837   -0.000599837  -0.000599837   -0.000599837 
Scalemurmuft   0 +1 -1  -0.000599837   -0.000599837  -0.000599837   -0.000599837 
PDF1   0 +1 -1  -0.000599837   -0.000599837  -0.000599837   -0.000599837 
PDF2   0 +1 -1  -0.000599837   -0.000599837  -0.000599837   -0.000599837 
PDF3   0 +1 -1  -0.000599837   -0.000599837  -0.000599837   -0.000599837 
PDF4   -0.0215418 +0.991449 -0.991449  0.000454271   -0.00193777  0.00037983   -0.00194831 
PDF5   0 +1 -1  -0.000599837   -0.000599837  -0.000599837   -0.000599837 
PDF6   0 +1 -1  -0.000599837   -0.000599837  -0.000599837   -0.000599837 
PDF7   0 +1 -1  -0.000599837   -0.000599837  -0.000599837   -0.000599837 
PDF8   0 +1 -1  -0.000599837   -0.000599837  -0.000599837   -0.000599837 
PDF9   0 +1 -1  -0.000599837   -0.000599837  -0.000599837   -0.000599837 
PDF10   0 +1 -1  -0.000599837   -0.000599837  -0.000599837   -0.000599837 
PDF11   0 +1 -1  -0.000599837   -0.000599837  -0.000599837   -0.000599837 
PDF12   0 +1 -1  -0.000599837   -0.000599837  -0.000599837   -0.000599837 
PDF13   0 +1 -1  -0.000599837   -0.000599837  -0.000599837   -0.000599837 
PDF14   0 +1 -1  -0.000599837   -0.000599837  -0.000599837   -0.000599837 
PDF15   0 +1 -1  -0.000599837   -0.000599837  -0.000599837   -0.000599837 
PDF16   0 +1 -1  -0.000599837   -0.000599837  -0.000599837   -0.000599837 
PDF17   0 +1 -1  -0.000599837   -0.000599837  -0.000599837   -0.000599837 
PDF18   0 +1 -1  -0.000599837   -0.000599837  -0.000599837   -0.000599837 
PDF19   0 +1 -1  -0.000599837   -0.000599837  -0.000599837   -0.000599837 
PDF20   0 +1 -1  -0.000599837   -0.000599837  -0.000599837   -0.000599837 
PDF21   0 +1 -1  -0.000599837   -0.000599837  -0.000599837   -0.000599837 
PDF22   0 +1 -1  -0.000599837   -0.000599837  -0.000599837   -0.000599837 
PDF23   0 +1 -1  -0.000599837   -0.000599837  -0.000599837   -0.000599837 
PDF24   0 +1 -1  -0.000599837   -0.000599837  -0.000599837   -0.000599837 
PDF25   0 +1 -1  -0.000599837   -0.000599837  -0.000599837   -0.000599837 
PDF26   0 +1 -1  -0.000599837   -0.000599837  -0.000599837   -0.000599837 
PDF27   0 +1 -1  -0.000599837   -0.000599837  -0.000599837   -0.000599837 
PDF28   0 +1 -1  -0.000599837   -0.000599837  -0.000599837   -0.000599837 
PDF29   0 +1 -1  -0.000599837   -0.000599837  -0.000599837   -0.000599837 
PDF30   0 +1 -1  -0.000599837   -0.000599837  -0.000599837   -0.000599837 
NNPDFUncertainty   -0.0476364 +0.986744 -0.986744  0.00107343   -0.00102408  0.00109368   -0.00105838 
BTag_C_NP1   -0.0438379 +0.992017 -0.992017  -0.00108836   -0.000498002  -0.00110181   -0.00047608 
BTag_C_NP2   0 +1 -1  -0.000599837   -0.000599837  -0.000599837   -0.000599837 
BTag_C_NP3   0.00671011 +0.993363 -0.993363  -0.000385432   -0.000198712  -0.000386723   -0.000195315 
BTag_C_NP4   0.00488898 +0.993353 -0.993353  -0.000361679   -0.000228386  -0.000343873   -0.000229265 
BTag_C_NP5   -0.000534606 +0.993349 -0.993349  -0.000301673   -0.000292666  -0.000302378   -0.000293923 
BTag_C_NP6   0 +1 -1  -0.000599837   -0.000599837  -0.000599837   -0.000599837 
BTag_C_NP7   0 +1 -1  -0.000599837   -0.000599837  -0.000599837   -0.000599837 
BTag_C_NP8   0 +1 -1  -0.000599837   -0.000599837  -0.000599837   -0.000599837 
BTag_C_NP9   0 +1 -1  -0.000599837   -0.000599837  -0.000599837   -0.000599837 
BTag_C_NP10   -0.000247145 +0.993345 -0.993345  -0.000289447   -0.000304264  -0.00029031   -0.000306409 
BTag_C_NP11   0 +1 -1  -0.000599837   -0.000599837  -0.000599837   -0.000599837 
BTag_C_NP12   0 +1 -1  -0.000599837   -0.000599837  -0.000599837   -0.000599837 
BTag_C_NP13   0 +1 -1  -0.000599837   -0.000599837  -0.000599837   -0.000599837 
BTag_C_NP14   0 +1 -1  -0.000599837   -0.000599837  -0.000599837   -0.000599837 
BTag_C_NP15   0 +1 -1  -0.000599837   -0.000599837  -0.000599837   -0.000599837 
BTag_C_NP16   0 +1 -1  -0.000599837   -0.000599837  -0.000599837   -0.000599837 
BTag_C_NP17   0 +1 -1  -0.000599837   -0.000599837  -0.000599837   -0.000599837 
BTag_C_NP18   0 +1 -1  -0.000599837   -0.000599837  -0.000599837   -0.000599837 
BTag_C_NP19   0 +1 -1  -0.000599837   -0.000599837  -0.000599837   -0.000599837 
BTag_C_NP20   0 +1 -1  -0.000599837   -0.000599837  -0.000599837   -0.000599837 
BTag_Light_NP1   -0.0301051 +0.976917 -0.976917  0.00391077   -0.00453203  0.0035542   -0.00462711 
BTag_Light_NP2   0.0168048 +0.991966 -0.991966  -0.00135319   0.000637045  -0.00136763   0.000808544 
BTag_Light_NP3   0 +1 -1  -0.000599837   -0.000599837  -0.000599837   -0.000599837 
BTag_Light_NP4   0.00321344 +0.993275 -0.993275  -0.000528355   -6.36711e-05  -0.00052239   -5.70948e-05 
BTag_Light_NP5   -0.00223311 +0.993345 -0.993345  -0.000321259   -0.000252161  -0.000344201   -0.000243837 
BTag_Light_NP6   0 +1 -1  -0.000599837   -0.000599837  -0.000599837   -0.000599837 
BTag_Light_NP7   0.00271319 +0.993286 -0.993286  -0.000514967   -7.99414e-05  -0.000516215   -7.46474e-05 
BTag_Light_NP8   0 +1 -1  -0.000599837   -0.000599837  -0.000599837   -0.000599837 
BTag_Light_NP9   0.00532107 +0.99328 -0.99328  -0.000495664   -8.62486e-05  -0.00047301   -0.000100638 
BTag_Light_NP10   0.00567614 +0.993173 -0.993173  -0.000639022   5.29343e-05  -0.000633569   5.79094e-05 
BTag_Light_NP11   -0.00967208 +0.992925 -0.992925  0.000239367   -0.000793287  0.00024917   -0.000797999 
BTag_Light_NP12   0 +1 -1  -0.000599837   -0.000599837  -0.000599837   -0.000599837 
BTag_Light_NP13   0 +1 -1  -0.000599837   -0.000599837  -0.000599837   -0.000599837 
BTag_Light_NP14   0 +1 -1  -0.000599837   -0.000599837  -0.000599837   -0.000599837 
BTag_Light_NP15   0 +1 -1  -0.000599837   -0.000599837  -0.000599837   -0.000599837 
BTag_Light_NP16   0 +1 -1  -0.000599837   -0.000599837  -0.000599837   -0.000599837 
BTag_Light_NP17   0 +1 -1  -0.000599837   -0.000599837  -0.000599837   -0.000599837 
BTag_Light_NP18   0 +1 -1  -0.000599837   -0.000599837  -0.000599837   -0.000599837 
BTag_Light_NP19   0 +1 -1  -0.000599837   -0.000599837  -0.000599837   -0.000599837 
BTag_Light_NP20   0 +1 -1  -0.000599837   -0.000599837  -0.000599837   -0.000599837 
BTag_B_NP1   0 +1 -1  -0.000599837   -0.000599837  -0.000599837   -0.000599837 
BTag_B_NP2   0 +1 -1  -0.000599837   -0.000599837  -0.000599837   -0.000599837 
BTag_B_NP3   0 +1 -1  -0.000599837   -0.000599837  -0.000599837   -0.000599837 
BTag_B_NP4   0 +1 -1  -0.000599837   -0.000599837  -0.000599837   -0.000599837 
BTag_B_NP5   0 +1 -1  -0.000599837   -0.000599837  -0.000599837   -0.000599837 
BTag_B_NP6   0 +1 -1  -0.000599837   -0.000599837  -0.000599837   -0.000599837 
BTag_B_NP7   0 +1 -1  -0.000599837   -0.000599837  -0.000599837   -0.000599837 
BTag_B_NP8   0 +1 -1  -0.000599837   -0.000599837  -0.000599837   -0.000599837 
BTag_B_NP9   0 +1 -1  -0.000599837   -0.000599837  -0.000599837   -0.000599837 
BTag_B_NP10   0 +1 -1  -0.000599837   -0.000599837  -0.000599837   -0.000599837 
BTag_B_NP11   0 +1 -1  -0.000599837   -0.000599837  -0.000599837   -0.000599837 
BTag_B_NP12   0 +1 -1  -0.000599837   -0.000599837  -0.000599837   -0.000599837 
BTag_B_NP13   0 +1 -1  -0.000599837   -0.000599837  -0.000599837   -0.000599837 
BTag_B_NP14   0 +1 -1  -0.000599837   -0.000599837  -0.000599837   -0.000599837 
BTag_B_NP15   0 +1 -1  -0.000599837   -0.000599837  -0.000599837   -0.000599837 
BTag_B_NP16   0 +1 -1  -0.000599837   -0.000599837  -0.000599837   -0.000599837 
BTag_B_NP17   0 +1 -1  -0.000599837   -0.000599837  -0.000599837   -0.000599837 
BTag_B_NP18   0 +1 -1  -0.000599837   -0.000599837  -0.000599837   -0.000599837 
BTag_B_NP19   0 +1 -1  -0.000599837   -0.000599837  -0.000599837   -0.000599837 
BTag_B_NP20   0 +1 -1  -0.000599837   -0.000599837  -0.000599837   -0.000599837 
BTag_B_NP21   0 +1 -1  -0.000599837   -0.000599837  -0.000599837   -0.000599837 
BTag_B_NP22   0 +1 -1  -0.000599837   -0.000599837  -0.000599837   -0.000599837 
BTag_B_NP23   0 +1 -1  -0.000599837   -0.000599837  -0.000599837   -0.000599837 
BTag_B_NP24   0 +1 -1  -0.000599837   -0.000599837  -0.000599837   -0.000599837 
BTag_B_NP25   0 +1 -1  -0.000599837   -0.000599837  -0.000599837   -0.000599837 
BTag_B_NP26   0 +1 -1  -0.000599837   -0.000599837  -0.000599837   -0.000599837 
BTag_B_NP27   0 +1 -1  -0.000599837   -0.000599837  -0.000599837   -0.000599837 
BTag_B_NP28   0 +1 -1  -0.000599837   -0.000599837  -0.000599837   -0.000599837 
BTag_B_NP29   0 +1 -1  -0.000599837   -0.000599837  -0.000599837   -0.000599837 
BTag_B_NP30   0 +1 -1  -0.000599837   -0.000599837  -0.000599837   -0.000599837 
BTag_B_NP31   0 +1 -1  -0.000599837   -0.000599837  -0.000599837   -0.000599837 
BTag_B_NP32   0 +1 -1  -0.000599837   -0.000599837  -0.000599837   -0.000599837 
BTag_B_NP33   0 +1 -1  -0.000599837   -0.000599837  -0.000599837   -0.000599837 
BTag_B_NP34   0 +1 -1  -0.000599837   -0.000599837  -0.000599837   -0.000599837 
BTag_B_NP35   0 +1 -1  -0.000599837   -0.000599837  -0.000599837   -0.000599837 
BTag_B_NP36   0 +1 -1  -0.000599837   -0.000599837  -0.000599837   -0.000599837 
BTag_B_NP37   0 +1 -1  -0.000599837   -0.000599837  -0.000599837   -0.000599837 
BTag_B_NP38   0 +1 -1  -0.000599837   -0.000599837  -0.000599837   -0.000599837 
BTag_B_NP39   0 +1 -1  -0.000599837   -0.000599837  -0.000599837   -0.000599837 
BTag_B_NP40   0 +1 -1  -0.000599837   -0.000599837  -0.000599837   -0.000599837 
BTag_B_NP41   0 +1 -1  -0.000599837   -0.000599837  -0.000599837   -0.000599837 
BTag_B_NP42   0 +1 -1  -0.000599837   -0.000599837  -0.000599837   -0.000599837 
BTag_B_NP43   0 +1 -1  -0.000599837   -0.000599837  -0.000599837   -0.000599837 
BTag_B_NP44   0 +1 -1  -0.000599837   -0.000599837  -0.000599837   -0.000599837 
BTag_B_NP45   0 +1 -1  -0.000599837   -0.000599837  -0.000599837   -0.000599837 
Muons_ID   0.0262052 +0.990802 -0.990802  -0.00072843   0.000111056  -0.000719469   0.000114899 
Muons_MS   0.00727462 +0.993378 -0.993378  9.45851e-05   -0.00068126  0.000273681   -0.000686822 
Muons_Scale   0 +1 -1  -0.000599837   -0.000599837  -0.000599837   -0.000599837 
Muons_Sagitta_ResBias   0 +1 -1  -0.000599837   -0.000599837  -0.000599837   -0.000599837 
Muons_Sagitta_Rho   0 +1 -1  -0.000599837   -0.000599837  -0.000599837   -0.000599837 
MET_SoftTrk_ResoPara   -0.0970451 +0.988647 -0.988647  0.00188815   -0.00260535  0.000727775   -0.00262941 
MET_SoftTrk_ResoPerp   0.0224399 +0.983477 -0.983477  -0.00344835   0.00264023  -0.003963   0.00268972 
MET_SoftTrk_Scale   0.0437862 +0.993241 -0.993241  -0.000347167   -0.000289208  -0.000503528   -0.000295496 
EG_Resolution   0.00816871 +0.993631 -0.993631  -0.000655244   6.75494e-05  -0.000671619   5.98123e-05 
EG_Scale   -0.0623043 +0.980772 -0.980772  -0.00452282   0.00421726  -0.0046108   0.00430719 
EG_Scale_AF2   0.00684657 +0.993333 -0.993333  0.000134076   -0.000730174  0.000134657   -0.00071163 
JET_BJES_Response   0.102621 +0.989875 -0.989875  -0.00225589   0.00176188  -0.00227809   0.00136625 
JET_EffectiveNP_Detector1   0.00548274 +0.993409 -0.993409  -0.000291728   -0.000305928  -0.00030069   -0.000301472 
JET_EffectiveNP_Detector2   0 +1 -1  -0.000599837   -0.000599837  -0.000599837   -0.000599837 
JET_EffectiveNP_Mixed1   -0.0604413 +0.99259 -0.99259  0.0010742   -0.00158915  0.00101892   -0.00159993 
JET_EffectiveNP_Mixed2   -0.0313049 +0.994137 -0.994137  -0.00192039   0.000647927  -0.00208196   0.000465387 
JET_EffectiveNP_Mixed3   0.010161 +0.993365 -0.993365  -0.000267986   -0.000319369  -0.000221239   -0.000322949 
JET_EffectiveNP_Modelling1   -0.219937 +0.974433 -0.974433  -0.000467055   -0.000546839  -0.000471535   -0.00072989 
JET_EffectiveNP_Modelling2   -0.0171221 +0.993356 -0.993356  -0.000369102   -7.87867e-05  -0.000372269   -0.000138045 
JET_EffectiveNP_Modelling3   0.017456 +0.983764 -0.983764  -0.000415838   -0.000214454  -0.000409174   -0.000211656 
JET_EffectiveNP_Modelling4   0.0109125 +0.993353 -0.993353  -0.000224237   -0.000327265  -0.000219405   -0.000317885 
JET_EffectiveNP_Statistical1   0.0102176 +0.993364 -0.993364  -0.000220476   -0.000316535  -0.000224477   -0.000322426 
JET_EffectiveNP_Statistical2   0.000419946 +0.986027 -0.986027  -0.000373012   -0.000218171  -0.00035117   -0.000211419 
JET_EffectiveNP_Statiscal3   0.0112017 +0.984115 -0.984115  -0.000294965   -0.000361983  -0.000285019   -0.000357903 
JET_EffectiveNP_Statistical4   -0.0582919 +0.992347 -0.992347  -0.00075619   0.000154415  -0.000761641   0.000161372 
JET_EffectiveNP_Statistical5   -0.00586755 +0.984163 -0.984163  -0.000321118   -0.000318874  -0.000320573   -0.000329562 
JET_EffectiveNP_Statistical6   0.0109114 +0.993353 -0.993353  -0.000224349   -0.000327278  -0.000219434   -0.000318289 
JET_EtaIntercalibration_Modeling1   -0.00813904 +0.982572 -0.982572  -1.60768e-05   -0.000506203  -0.000133821   -0.000512781 
JET_EtaInterCalibration_NonClosure_highE   0 +1 -1  -0.000599837   -0.000599837  -0.000599837   -0.000599837 
JET_EtaIntercalibration_NonClosure_negEta   0.0045265 +0.99336 -0.99336  -0.000241278   -0.000313955  -0.000270138   -0.000314191 
JET+EtaIntercalibration_NonClosure_posEta   -0.00687854 +0.993379 -0.993379  -0.000333772   -0.000263278  -0.000334321   -0.000249567 
JET_EtaIntercalibration_TotalStat   0.0621859 +0.994082 -0.994082  0.000936822   -0.00153082  0.00048119   -0.00154456 
JET_Flavor_Composition   -0.168408 +0.985481 -0.985481  0.000452766   -0.00152839  0.000611503   -0.0015381 
JET_Flavor_Response   0.193665 +0.98276 -0.98276  -0.000767795   0.0005944  -0.000780604   -0.000165882 
JER_DataVsMC   0 +1 -1  -0.000599837   -0.000599837  -0.000599837   -0.000599837 
JER_DataVsMCAFII   0 +1 -1  -0.000599837   -0.000599837  -0.000599837   -0.000599837 
JER_EffectiveNP_1   0 +1 -1  -0.000599837   -0.000599837  -0.000599837   -0.000599837 
JER_EffectiveNP_2   0 +1 -1  -0.000599837   -0.000599837  -0.000599837   -0.000599837 
JER_EffectiveNP_3   0 +1 -1  -0.000599837   -0.000599837  -0.000599837   -0.000599837 
JER_EffectiveNP_4   0 +1 -1  -0.000599837   -0.000599837  -0.000599837   -0.000599837 
JER_EffectiveNP_5   0 +1 -1  -0.000599837   -0.000599837  -0.000599837   -0.000599837 
JER_EffectiveNP_6   0 +1 -1  -0.000599837   -0.000599837  -0.000599837   -0.000599837 
JER_EffectiveNP_7restTerm   0 +1 -1  -0.000599837   -0.000599837  -0.000599837   -0.000599837 
JET_Pileup_OffsetMu   0.059829 +0.991993 -0.991993  -0.000903139   0.00036123  -0.000913682   0.000359254 
JET_Pileup_OffsetNPV   -0.0226067 +0.978012 -0.978012  0.000324322   -0.000915423  0.000784953   -0.00118626 
JET_Pileup_PtTerm   0.0161994 +0.981367 -0.981367  -0.00162017   0.000998614  -0.00162819   0.00105177 
JET_Pileup_RhoTopology   -0.0439615 +0.984965 -0.984965  0.000290292   -0.000515766  0.000284398   -0.000524113 
JET_PunchThrough_AFII   0 +1 -1  -0.000599837   -0.000599837  -0.000599837   -0.000599837 
JET_RelativeNonClosure_AFII   -0.000635567 +0.993408 -0.993408  -0.000210493   -0.000422983  -0.000214316   -0.000429275 
JET_PunchThrough_MC16   0 +1 -1  -0.000599837   -0.000599837  -0.000599837   -0.000599837 
JET_SingleParticle_HighPt   0 +1 -1  -0.000599837   -0.000599837  -0.000599837   -0.000599837 
tt_Rad_HiLow   -0.378439 +0.932761 -0.932761  -0.00616491   0.00775409  -0.0059835   0.00776055 
tt_Generator   0.139075 +0.768818 -0.768818  -0.0266387   0.0326086  -0.0353795   0.0385969 
mu_tt   0 +1 -1  -0.000599837   -0.000599837  0   0 
mu_W   0 +1 -1  -0.000599837   -0.000599837  0   0 
mu_tt_mu   0 +1 -1  -0.000599837   -0.000599837  0   0 
mu_W_mu   0 +1 -1  -0.000599837   -0.000599837  0   0 
gamma_stat_SR_mqph_bin_0   0.925719 +0.223556 -0.223556  0.00304769   -0.0022724  0   0 
gamma_stat_SR_mqph_bin_1   1.05156 +0.177941 -0.177941  0.00168967   -0.00143469  0   0 
gamma_stat_SR_mqph_bin_2   1.06834 +0.119381 -0.119381  -0.000373159   0.00245049  0   0 
gamma_stat_SR_mqph_bin_3   1.02042 +0.0616652 -0.0616652  0.00175574   -0.000724298  0   0 
gamma_stat_SR_mqph_bin_4   0.983868 +0.0619906 -0.0619906  -0.00663693   0.00807746  0   0 
gamma_stat_SR_mqph_bin_5   0.957269 +0.0623582 -0.0623582  -0.00992054   0.0111984  0   0 
gamma_stat_SR_mqph_bin_6   0.987148 +0.0544426 -0.0544426  0.00314647   -0.00268623  0   0 
gamma_stat_SR_mqph_bin_7   0.995511 +0.0821964 -0.0821964  0.00811494   -0.00848615  0   0 
gamma_stat_SR_mqph_bin_8   0.997502 +0.0998694 -0.0998694  0.00362852   -0.00396874  0   0 
gamma_stat_SR_mqph_bin_9   1.00979 +0.113553 -0.113553  0.00241529   -0.00274999  0   0 
gamma_stat_SRmu_mqph_bin_0   0.917724 +0.149536 -0.149536  -0.00686854   -0.0029679  0   0 
gamma_stat_SRmu_mqph_bin_1   0.997666 +0.124908 -0.124908  0.000912157   -0.00113701  0   0 
gamma_stat_SRmu_mqph_bin_2   0.993062 +0.0758553 -0.0758553  -0.00316665   0.00311827  0   0 
gamma_stat_SRmu_mqph_bin_3   0.963778 +0.0598595 -0.0598595  0.00651124   -0.00655605  0   0 
gamma_stat_SRmu_mqph_bin_4   1.02052 +0.0770093 -0.0770093  -0.00456268   0.0058976  0   0 
gamma_stat_SRmu_mqph_bin_5   1.01811 +0.0424234 -0.0424234  -0.0115138   0.0119594  0   0 
gamma_stat_SRmu_mqph_bin_6   1.01423 +0.0552589 -0.0552589  0.000703908   -0.000586561  0   0 
gamma_stat_SRmu_mqph_bin_7   0.987245 +0.106374 -0.106374  0.00458862   -0.00443645  0   0 
gamma_stat_SRmu_mqph_bin_8   0.972579 +0.152828 -0.152828  0.00119075   -0.000862698  0   0 
gamma_stat_SRmu_mqph_bin_9   1.01092 +0.0469498 -0.0469498  0.000605099   -0.000860581  0   0 
