NUISANCE_PARAMETERS
SigXsecOverSM  0.00751285 +0.0777978 -0.0776339
BTag_C_NP1  -0.0607151 +0.993903 -0.993903
BTag_C_NP10  0.000340966 +0.993348 -0.993348
BTag_Light_NP1  0.0394042 +0.983969 -0.983969
BTag_Light_NP10  0.00376159 +0.99323 -0.99323
BTag_Light_NP11  -0.00373252 +0.993113 -0.993113
BTag_Light_NP2  -0.00868198 +0.992734 -0.992734
BTag_Light_NP4  0.00355452 +0.993286 -0.993286
BTag_Light_NP5  0.00642196 +0.993306 -0.993306
BTag_Light_NP7  0.00386995 +0.993288 -0.993288
BTag_Light_NP9  -0.00244583 +0.993327 -0.993327
EG_Resolution  0.103435 +0.991413 -0.991413
EG_Scale  -0.190564 +0.991887 -0.991887
EGamFake  0.0348837 +0.992577 -0.992577
JET_BJES_Response  -0.0108299 +0.992949 -0.992949
JET_EffectiveNP_Mixed1  0.021025 +0.99342 -0.99342
JET_EffectiveNP_Mixed2  -0.0197066 +0.993427 -0.993427
JET_EffectiveNP_Modelling1  0.0570198 +0.988982 -0.988982
JET_EffectiveNP_Modelling3  -0.0187519 +0.993406 -0.993406
JET_EffectiveNP_Statistical2  -0.0160578 +0.99339 -0.99339
JET_EtaIntercalibration_Modeling1  -0.064941 +0.991885 -0.991885
JET_EtaIntercalibration_TotalStat  -0.0830914 +0.983372 -0.983372
JET_Flavor_Composition  0.0484727 +0.990544 -0.990544
JET_Flavor_Response  -0.006972 +0.99332 -0.99332
JET_Pileup_OffsetMu  -0.000451307 +0.99335 -0.99335
JET_Pileup_OffsetNPV  -0.0265984 +0.993453 -0.993453
JET_Pileup_PtTerm  -0.064804 +0.992476 -0.992476
JET_Pileup_RhoTopology  -0.0223693 +0.991047 -0.991047
JGamFake  0.397484 +0.858951 -0.858951
JVT  -0.00564739 +0.929589 -0.929589
Lumi  -0.0429264 +0.96694 -0.96694
MET_SoftTrk_ResoPara  0.0219591 +0.992971 -0.992971
MET_SoftTrk_ResoPerp  0.0449104 +0.990128 -0.990128
MET_SoftTrk_Scale  -0.0122795 +0.993222 -0.993222
Muons_ID  -0.0551048 +0.993681 -0.993681
Muons_MS  -0.000314921 +0.993348 -0.993348
NNPDFUncertainty  0.0241431 +0.99245 -0.99245
PDF4  -0.004951 +0.99256 -0.99256
Pileup  0.326114 +0.753007 -0.753007
ScalemurmufWgam  -0.227122 +0.938054 -0.938054
ScalemurmufZJets  0.0339264 +0.938421 -0.938421
ScalemurmufZgam  -0.0143788 +0.990236 -0.990236
Scalemurmufttgam  -0.0390326 +1.08047 -1.08047
VVXsec  -0.00189396 +0.993396 -0.993396
VjetXsec  -0.0608438 +0.993183 -0.993183
stXsec  -0.00037048 +0.992741 -0.992741
ttXsec  0.0924566 +0.986938 -0.986938
tt_Generator  0.947143 +0.829566 -0.829566
tt_Rad_HiLow  0.15795 +0.975373 -0.975373
ttgamXsec  -0.108888 +0.966725 -0.966725
gamma_stat_SRmu_ph_pt_bin_0  0.993226 +0.0526498 -0.0526498
gamma_stat_SRmu_ph_pt_bin_1  1.05498 +0.0550524 -0.0550524
gamma_stat_SRmu_ph_pt_bin_2  0.876564 +0.0745035 -0.0745035
gamma_stat_SRmu_ph_pt_bin_3  1.02005 +0.0532402 -0.0532402
gamma_stat_SRmu_ph_pt_bin_4  0.987779 +0.0535405 -0.0535405
gamma_stat_SRmu_ph_pt_bin_5  0.995403 +0.0727428 -0.0727428
gamma_stat_SRmu_ph_pt_bin_6  0.975973 +0.0813254 -0.0813254
gamma_stat_SRmu_ph_pt_bin_7  0.982843 +0.100994 -0.100994
gamma_stat_SRmu_ph_pt_bin_8  1.00627 +0.142127 -0.142127
gamma_stat_SRmu_ph_pt_bin_9  0.990472 +0.0551581 -0.0551581


CORRELATION_MATRIX
60   60
0.0621342   -0.0283096   -0.00288678   -0.0457636   -0.110945   -0.0968928   -0.230499   -0.100267   -0.00916924   0.0787902   -0.130267   -0.290875   -0.431741   -0.170191   -0.00806562   -0.0621347   0.000108475   -0.0422166   -0.0172337   -0.0221143   -0.128563   -0.127858   0.0540068   0.0185727   -0.000200731   -0.0312608   -0.00427423   -0.0379399   -1.42049e-05   -0.316593   0.00277739   -0.297711   0.0374941   -0.0316097   -0.0217411   -0.00299455   -0.00106266   0.0201185   0.0220544   -0.0303161   -0.00859256   -0.0100359   0.0550598   -0.00946829   0.0112541   -0.0151586   -0.270339   -0.249427   0.0511698   -0.00340736   -0.00389222   -0.000844091   -0.00417624   -0.0253213   0.00954031   -0.00631588   0.107914   -1.95288e-05   -0.0374359   1   
-0.0117511   -0.00491478   -0.00297925   -0.00293868   -0.00322001   -0.000975028   0.00827006   -0.0118824   0.00521622   -0.00133339   -0.00791445   0.00129771   0.00640964   0.00075942   -0.00112968   -0.00427898   -0.000109407   -0.00256485   -0.000979798   0.000351007   -0.0139615   0.00101849   0.000931251   0.000630732   -1.00256e-05   -0.00345923   2.39221e-05   -0.00233879   -0.000325777   -0.00981232   -0.000158202   -0.000551362   -0.000421333   -0.000352288   -0.00213969   -0.000109591   -0.000175462   -0.00253978   -0.000139005   -0.0034749   -0.000985396   -0.00115109   0.00330043   -0.00117529   0.00129095   0.000151437   0.000112313   -0.00488517   0.00230151   3.40829e-05   0.000106018   7.92731e-05   0.000107759   -0.000697702   -0.000183408   0.00014662   0.00372145   1.9926e-05   1   -0.0374359   
5.2326e-05   -7.06252e-06   9.43203e-06   1.4534e-05   -8.96315e-06   -7.20211e-06   -4.82202e-05   5.14894e-05   -0.000105769   0.000157914   2.76505e-05   3.85069e-05   0.000287197   2.26963e-05   5.20354e-06   -6.26135e-07   2.30838e-05   8.95461e-06   -2.97936e-07   2.96577e-06   4.76692e-06   -0.000173284   -8.42043e-06   1.38727e-05   1.65702e-07   1.06013e-05   -2.19129e-06   1.3548e-05   -1.15788e-05   6.24166e-05   8.40436e-07   0.000167095   -1.18967e-05   -1.05553e-05   2.71404e-06   -4.339e-06   4.74886e-06   1.75228e-05   1.96997e-06   4.56874e-06   1.56335e-06   1.72362e-06   -2.19515e-05   1.69372e-06   -1.64675e-06   -6.11295e-06   5.08036e-06   3.12865e-06   1.04648e-05   -1.25973e-06   -1.35228e-06   -1.04864e-08   -1.54959e-06   4.78106e-06   -9.55495e-07   -2.30529e-06   -2.42202e-05   1   1.9926e-05   -1.95288e-05   
0.0214496   0.000373009   -0.00310478   -0.00192713   -0.00934504   -0.0133931   -0.0106791   0.135374   0.0167699   -0.0300488   0.00953288   -0.005235   0.0110182   -0.00306135   0.00209595   0.00821872   0.000135574   0.00308954   0.00158484   -0.00592309   0.0153815   -0.00144272   -0.000667551   -0.00528365   -4.83017e-06   0.00369846   0.00358745   0.00132536   -0.00443784   0.0136355   0.00160516   0.0329245   0.00256429   -0.0025998   0.00117759   0.000186289   0.00088031   0.00552581   0.0114513   0.00544779   0.00103635   0.00121038   0.00181359   0.00120423   -0.00135686   0.0061335   -0.0013023   0.00194335   0.00208736   0.00137824   0.000467385   -0.000826096   0.000600737   0.0043784   -0.00207075   0.00117688   1   -2.42202e-05   0.00372145   0.107914   
-0.000480995   0.000716326   0.000652006   0.000576035   0.00131631   0.00143314   -3.10647e-05   -0.0118709   -0.00242299   0.0032812   0.000166665   0.000363097   -0.00179534   0.000212406   -4.69946e-05   -0.000232966   1.33806e-05   5.4036e-05   8.78153e-07   0.000648134   0.000141626   -0.000261859   -6.77633e-05   0.000513867   2.06452e-06   5.37644e-05   -0.000386429   0.000184466   0.00053091   3.30293e-05   -0.000137486   -0.00295526   -0.000211748   0.000299801   0.000170015   -4.62769e-06   -7.89548e-05   -0.000229035   -0.0014145   -0.000153529   1.56033e-05   1.79205e-05   -0.000627992   2.01787e-05   -2.00003e-05   -0.000633122   0.000161343   0.000440526   -0.000479262   -0.000142239   -4.18396e-05   9.20596e-05   -5.57547e-05   -0.000296128   0.000198046   1   0.00117688   -2.30529e-06   0.00014662   -0.00631588   
0.000743195   -0.0010689   -0.000969507   -0.000848735   -0.00203415   -0.00217582   -4.15549e-05   0.018756   0.00337702   -0.00478558   -0.000275911   -0.000602638   0.00264572   -0.000352226   7.12061e-05   0.00043841   5.51375e-06   -8.94334e-05   -7.22816e-06   -0.000883386   -0.000213963   -6.80792e-07   0.000112651   -0.000675372   -2.78695e-06   -7.01287e-05   0.000565425   -0.000255728   -0.000781243   1.61975e-05   0.000216341   0.0048962   0.000346575   -0.000459051   -0.000225069   1.0358e-06   0.000106633   0.000352282   0.00184107   0.000207319   -2.16159e-05   -2.52127e-05   0.000956259   -2.79703e-05   2.85572e-05   0.000966222   -0.000296721   -0.000721217   0.000731597   0.000216991   8.37848e-05   -0.000119251   0.000104568   0.000521468   1   0.000198046   -0.00207075   -9.55495e-07   -0.000183408   0.00954031   
-0.00423363   0.00057833   0.000880093   0.000660661   0.00255166   0.00329829   0.00215996   -0.0338982   -0.00441067   0.00772889   -0.00156672   0.00133067   -0.00264589   0.000778346   -0.000404494   -0.00179956   -2.51602e-05   -0.000507696   -0.000307881   0.00153735   -0.00309786   0.000106462   5.18636e-05   0.00128005   2.44625e-06   -0.000735591   -0.000925384   -0.000151927   0.00119143   -0.00250229   -0.000405118   -0.00829051   -0.000673305   0.000663007   -0.000160095   -3.5764e-05   -0.000217386   -0.00122157   -0.00303785   -0.00119551   -0.000206459   -0.00024113   -0.000754232   -0.000240642   0.000270737   -0.00156544   0.000510818   -4.69701e-05   -0.00063564   -0.000351616   -0.000115772   0.000214386   -0.000149909   1   0.000521468   -0.000296128   0.0043784   4.78106e-06   -0.000697702   -0.0253213   
-0.00034783   0.000489618   0.000435859   0.000385598   0.000849355   0.000948982   -4.36451e-05   -0.00735981   -0.00171812   0.00217246   7.31146e-05   0.000175009   -0.00145516   0.000102425   -3.50218e-05   -9.5448e-05   8.69501e-06   2.37012e-05   -3.4917e-06   0.000492271   9.01543e-05   -0.000309415   -3.15685e-05   0.000398299   1.19716e-06   3.50277e-05   -0.0002674   0.000127242   0.000374924   1.91824e-05   -8.63104e-05   -0.00179539   -0.000113346   0.000202609   0.000131992   -4.07543e-06   -6.50083e-05   -0.000161398   -0.00114001   -0.000122086   1.03472e-05   1.17722e-05   -0.000394629   1.37091e-05   -1.32086e-05   -0.000408843   6.72174e-05   0.000252064   -0.000321056   -9.18529e-05   -1.29788e-05   7.41506e-05   1   -0.000149909   0.000104568   -5.57547e-05   0.000600737   -1.54959e-06   0.000107759   -0.00417624   
-0.000229177   0.000184026   0.000113219   0.000103037   5.92362e-05   0.000199007   -0.000131745   0.00112901   -0.000966273   0.000453556   -0.000182697   -0.000311528   -0.00172479   -0.000182131   -2.80922e-05   0.000293547   1.15258e-06   -5.92018e-05   -2.11992e-05   0.000440184   -4.37248e-07   -0.000789988   6.39767e-05   0.000393483   -4.06321e-09   3.94023e-06   -0.000117021   5.41829e-05   0.000203379   -1.00909e-05   8.06266e-06   0.00048492   0.000120026   6.50013e-05   0.000131558   -5.67674e-06   -8.08114e-05   -8.57149e-05   -0.00132279   -0.00013391   2.37127e-06   2.68956e-06   3.00257e-05   5.17858e-06   -2.90958e-06   -2.97369e-05   -0.00019657   -0.000158232   -8.60532e-05   -6.79707e-06   7.61017e-05   1   7.41506e-05   0.000214386   -0.000119251   9.20596e-05   -0.000826096   -1.04864e-08   7.92731e-05   -0.000844091   
-0.000339704   0.000464617   0.000408656   0.000361814   0.000780592   0.000885135   -5.26271e-05   -0.00660353   -0.00166165   0.00202599   4.89279e-05   0.000129211   -0.001496   7.57262e-05   -3.4536e-05   -5.83683e-05   8.13354e-06   1.59645e-05   -5.12105e-06   0.000492255   8.23037e-05   -0.000359433   -2.26229e-05   0.000401864   1.21388e-06   3.24539e-05   -0.000255341   0.000121395   0.000361969   1.64896e-05   -7.76847e-05   -0.00159022   -9.14732e-05   0.000191283   0.000133402   -4.15791e-06   -6.71354e-05   -0.00015557   -0.00116912   -0.000124392   9.75537e-06   1.12566e-05   -0.000357095   1.2997e-05   -1.24198e-05   -0.000375753   4.21035e-05   0.000214539   -0.000301148   -8.43932e-05   1   7.61017e-05   -1.29788e-05   -0.000115772   8.37848e-05   -4.18396e-05   0.000467385   -1.35228e-06   0.000106018   -0.00389222   
-0.00013482   0.000319672   0.000331974   0.000291042   0.000798269   0.000767438   7.98532e-05   -0.00845603   -0.000821365   0.00175861   0.000244905   0.000468134   0.000154308   0.000273875   -8.65318e-06   -0.000370988   7.55524e-06   7.92793e-05   1.65813e-05   8.22409e-05   9.11365e-05   0.000429727   -9.17726e-05   3.16437e-05   1.29509e-06   3.16075e-05   -0.000158874   7.72148e-05   0.000186319   2.87794e-05   -9.42519e-05   -0.00225891   -0.000226464   0.000142698   9.57621e-06   1.09105e-06   1.05421e-05   -8.17053e-05   9.41721e-05   2.98859e-06   8.22376e-06   9.53584e-06   -0.000424808   8.9783e-06   -1.05686e-05   -0.000383019   0.000252015   0.000401969   -0.000241884   1   -8.43932e-05   -6.79707e-06   -9.18529e-05   -0.000351616   0.000216991   -0.000142239   0.00137824   -1.25973e-06   3.40829e-05   -0.00340736   
0.00692664   0.00446171   0.00645158   0.00576511   0.00659869   0.00991906   -0.00267112   -0.00616859   -0.0153273   -0.00663024   0.00547625   -0.00197767   -0.0489867   -0.00115817   0.000120001   0.00138672   -5.74035e-05   0.00177477   0.000711219   -9.51113e-05   0.0100147   -0.00192963   -0.000509158   -0.0014355   1.28824e-05   0.00201592   -0.000392385   -0.0017236   0.000538208   0.00381151   -4.74636e-05   -0.0204844   -0.000225325   0.00332484   0.00120761   8.58993e-05   0.000121947   -0.00300398   0.000686792   0.00203104   0.000583926   0.000681848   -0.00353673   0.000697393   -0.000764386   -0.00107638   0.00268832   0.00869292   1   -0.000241884   -0.000301148   -8.60532e-05   -0.000321056   -0.00063564   0.000731597   -0.000479262   0.00208736   1.04648e-05   0.00230151   0.0511698   
-0.0513132   -0.0164169   -0.0193839   -0.0105875   -0.000734674   -0.0095336   0.0244904   0.0054322   0.0207452   0.00749325   -0.0406122   0.0173612   0.117554   0.010165   -0.00381135   -0.00442989   -1.7066e-05   -0.01316   -0.00261743   -0.00120875   -0.018554   0.0173552   0.00344365   0.0020282   -4.7896e-05   -0.0040427   0.00115102   0.00337112   -0.00298819   -0.0239855   -0.000313536   0.0272747   0.00192491   -0.00553465   -0.00287732   -0.000422026   -0.000147281   0.00507893   0.00356826   -0.00348149   -0.00109955   -0.00128434   0.0117839   -0.00119257   0.00144065   0.00178751   0.00448047   1   0.00869292   0.000401969   0.000214539   -0.000158232   0.000252064   -4.69701e-05   -0.000721217   0.000440526   0.00194335   3.12865e-06   -0.00488517   -0.249427   
-0.00805396   -0.00890976   -0.0162999   -0.00991435   0.00743844   -0.00127313   0.014169   0.0114529   0.00730403   -0.010576   -0.00712439   0.00190904   0.033224   0.00112702   -0.00298145   0.000684359   -2.8398e-05   -0.00230873   -0.000210819   -0.00141105   0.0016427   0.0107902   0.000736815   -0.000262151   -2.10729e-05   0.000223651   0.000774006   0.001443   -0.00206303   -0.00580545   0.000246518   0.00333762   0.000428327   -0.00254178   -0.000134279   -0.000101784   8.88792e-05   0.00141351   0.00287552   0.000661363   9.21266e-05   0.000107633   0.000957199   0.000160739   -0.00012071   0.00112105   1   0.00448047   0.00268832   0.000252015   4.21035e-05   -0.00019657   6.72174e-05   0.000510818   -0.000296721   0.000161343   -0.0013023   5.08036e-06   0.000112313   -0.270339   
-0.000599614   0.00142224   0.00147708   0.00129491   0.00355171   0.00341452   0.00035465   -0.0376259   -0.00365424   0.00782488   0.00108927   0.00208294   0.0006861   0.0012185   -3.92715e-05   -0.00165133   3.40595e-05   0.000353071   7.39373e-05   0.000366011   0.000405277   0.00191145   -0.000407955   0.000140464   5.67917e-06   0.000140432   -0.000707612   0.000343049   0.000829176   0.000127584   -0.000419302   -0.0100537   -0.0010075   0.000635156   4.2106e-05   5.30865e-06   4.64215e-05   -0.000364118   0.000418448   1.32788e-05   3.62899e-05   4.24919e-05   -0.00189054   4.03117e-05   -4.73569e-05   1   0.00112105   0.00178751   -0.00107638   -0.000383019   -0.000375753   -2.97369e-05   -0.000408843   -0.00156544   0.000966222   -0.000633122   0.0061335   -6.11295e-06   0.000151437   -0.0151586   
0.0034074   0.00166839   0.000980609   0.000907233   0.00102018   0.000276552   -0.00250279   0.0042371   -0.00192948   0.000477374   0.00229677   -0.000563633   -0.0028625   -0.000329611   0.000328841   0.00142908   9.92033e-06   0.000744358   0.000178701   -1.09294e-06   0.00442518   -0.000485131   -0.000246884   -9.57626e-05   3.13225e-06   0.00108569   -3.0407e-05   0.00073849   0.000150597   0.00291875   3.90197e-05   -4.14324e-05   0.000203072   0.000134944   0.000708676   3.00238e-05   2.54872e-05   0.000730381   -0.000294643   0.00106525   0.000313313   0.000365879   -0.000973932   0.000377617   1   -4.73569e-05   -0.00012071   0.00144065   -0.000764386   -1.05686e-05   -1.24198e-05   -2.90958e-06   -1.32086e-05   0.000270737   2.85572e-05   -2.00003e-05   -0.00135686   -1.64675e-06   0.00129095   0.0112541   
-0.00272449   -0.00162038   -0.000923813   -0.000757658   -0.000878675   -7.31671e-05   0.00208646   -0.00428584   0.00201114   -0.00063983   -0.00183858   0.000563342   0.00270319   0.000329826   -0.000267423   -0.00128863   -9.30603e-06   -0.000595926   7.91934e-05   1.08159e-05   -0.0040394   0.000712886   0.000183972   6.08263e-05   -2.53145e-06   -0.000987398   1.72089e-05   -0.00066727   -9.7938e-05   -0.00242969   -1.09913e-05   0.000346199   -0.000231329   -0.000111266   -0.000641892   -1.17619e-05   -1.66965e-05   -0.000602584   0.000235288   -0.000978334   -0.00028818   -0.000336687   0.000811128   1   0.000377617   4.03117e-05   0.000160739   -0.00119257   0.000697393   8.9783e-06   1.2997e-05   5.17858e-06   1.37091e-05   -0.000240642   -2.79703e-05   2.01787e-05   0.00120423   1.69372e-06   -0.00117529   -0.00946829   
0.0253503   0.00700166   0.0089451   0.00526299   0.00350668   0.0043689   -0.00957969   -0.034422   -0.00888689   0.0102594   0.0242488   -0.000284198   -0.0166692   -0.000168116   0.00232568   0.00200509   0.0001226   0.00785734   0.00169942   0.00110463   0.0107787   -0.00378232   -0.00330662   5.16649e-05   4.05458e-05   0.00275382   -0.000974076   0.00162721   0.00202153   0.0193884   -1.83126e-05   -0.00247675   -0.00267991   0.00175185   0.0018263   0.00025309   0.000194068   -0.00015725   -0.0012316   0.00241477   0.000743809   0.000868641   1   0.000811128   -0.000973932   -0.00189054   0.000957199   0.0117839   -0.00353673   -0.000424808   -0.000357095   3.00257e-05   -0.000394629   -0.000754232   0.000956259   -0.000627992   0.00181359   -2.19515e-05   0.00330043   0.0550598   
-0.00303847   -0.0014877   -0.000874438   -0.000808963   -0.000909682   -0.000246543   0.00223191   -0.00377831   0.0017204   -0.000425769   -0.00204806   0.000502599   0.00255285   0.000294223   -0.000292809   -0.00127435   -8.79825e-06   -0.000663848   -0.000159094   1.269e-06   -0.00394615   0.000432912   0.000220431   8.54449e-05   -2.6114e-06   -0.000967967   2.75222e-05   -0.00065831   -0.000134068   -0.00260285   -3.46395e-05   3.74136e-05   -0.000181157   -0.000120282   -0.000631897   -2.66624e-05   -2.25808e-05   -0.000650932   0.000262911   -0.000949819   -0.000279151   1   0.000868641   -0.000336687   0.000365879   4.24919e-05   0.000107633   -0.00128434   0.000681848   9.53584e-06   1.12566e-05   2.68956e-06   1.17722e-05   -0.00024113   -2.52127e-05   1.79205e-05   0.00121038   1.72362e-06   -0.00115109   -0.0100359   
-0.00260149   -0.00127375   -0.000748669   -0.000692612   -0.000778843   -0.000211088   0.00191093   -0.00323495   0.001473   -0.000364504   -0.00175356   0.000430264   0.00218565   0.000252059   -0.000250654   -0.001091   -7.40119e-06   -0.0005682   -0.000136281   1.32133e-06   -0.00337855   0.000370674   0.000188766   7.33872e-05   -2.12094e-06   -0.000828632   2.36532e-05   -0.000563617   -0.000114591   -0.00222854   -2.95325e-05   3.20982e-05   -0.000154983   -0.000102968   -0.00054105   -2.28579e-05   -1.91473e-05   -0.000557253   0.000225328   -0.000813144   1   -0.000279151   0.000743809   -0.00028818   0.000313313   3.62899e-05   9.21266e-05   -0.00109955   0.000583926   8.22376e-06   9.75537e-06   2.37127e-06   1.03472e-05   -0.000206459   -2.16159e-05   1.56033e-05   0.00103635   1.56335e-06   -0.000985396   -0.00859256   
-0.00899328   -0.00445704   -0.00271137   -0.00249687   -0.00238144   -0.000884366   0.0069452   -0.0159315   0.00599471   -0.00102767   -0.00588992   0.00210239   0.0101872   0.00123014   -0.000850469   -0.0043542   -2.41505e-05   -0.00190871   -0.000642818   -0.000666408   -0.0114882   0.00240601   0.000552255   -0.000332737   -1.19933e-05   -0.00282247   0.000208348   -0.00197973   -0.000660146   -0.00785918   -0.000173224   -0.00188971   -0.000746433   -0.000416625   -0.00205332   -8.31435e-05   5.44962e-05   -0.00184843   0.00291978   1   -0.000813144   -0.000949819   0.00241477   -0.000978334   0.00106525   1.32788e-05   0.000661363   -0.00348149   0.00203104   2.98859e-06   -0.000124392   -0.00013391   -0.000122086   -0.00119551   0.000207319   -0.000153529   0.00544779   4.56874e-06   -0.0034749   -0.0303161   
0.0062489   -0.0014591   -0.00102323   -0.000845866   -9.7388e-06   -0.00282148   -5.39979e-05   -0.013554   0.0131423   -0.00652456   0.00462654   0.00426749   0.02393   0.00249742   0.000696196   -0.00328607   -1.04324e-05   0.00149935   0.000470124   -0.00671064   0.00366445   0.0115974   -0.00116709   -0.00607257   -1.94248e-07   0.000840229   0.00176407   -0.000213371   -0.00296856   0.00250889   -8.79716e-05   -0.00740931   -0.00163947   -0.000889681   -0.0014171   0.000110326   0.00124865   0.00191982   1   0.00291978   0.000225328   0.000262911   -0.0012316   0.000235288   -0.000294643   0.000418448   0.00287552   0.00356826   0.000686792   9.41721e-05   -0.00116912   -0.00132279   -0.00114001   -0.00303785   0.00184107   -0.0014145   0.0114513   1.96997e-06   -0.000139005   0.0220544   
-0.00392854   -0.00229569   0.00462786   0.000751839   -0.000489052   0.00676858   0.0117087   -0.00666854   -0.0128153   -0.0113822   -0.000987977   -0.00300728   -0.0548721   -0.00176063   -0.00117229   -0.00355895   -9.63235e-05   -0.00032106   -0.00323612   -1.72104e-05   -0.00596515   -0.00605831   0.000511536   -0.0011096   2.48722e-06   -0.0020751   4.13812e-05   -0.00568152   -0.000616155   -0.00718411   -0.000352676   -0.0216212   -0.000594346   0.00317234   -0.00146894   -0.000201129   -5.73885e-05   1   0.00191982   -0.00184843   -0.000557253   -0.000650932   -0.00015725   -0.000602584   0.000730381   -0.000364118   0.00141351   0.00507893   -0.00300398   -8.17053e-05   -0.00015557   -8.57149e-05   -0.000161398   -0.00122157   0.000352282   -0.000229035   0.00552581   1.75228e-05   -0.00253978   0.0201185   
-0.000624909   -0.000180464   -0.000275329   -0.000287672   -0.000109081   -0.000440843   0.000585334   -0.000621037   0.000810484   -0.000364561   -0.000403728   0.000195226   0.00132758   0.000114434   -4.7622e-05   -0.000365645   -2.63819e-05   -0.000130775   -0.000303549   -0.000415666   -0.000277111   0.000540051   3.16727e-05   -0.000329763   -4.80869e-06   -8.52108e-05   0.00012725   -0.000115882   -0.000224396   -0.000608566   -3.82183e-05   -0.000989786   -2.11935e-05   -8.39958e-05   -0.00017122   -1.25748e-05   1   -5.73885e-05   0.00124865   5.44962e-05   -1.91473e-05   -2.25808e-05   0.000194068   -1.66965e-05   2.54872e-05   4.64215e-05   8.88792e-05   -0.000147281   0.000121947   1.05421e-05   -6.71354e-05   -8.08114e-05   -6.50083e-05   -0.000217386   0.000106633   -7.89548e-05   0.00088031   4.74886e-06   -0.000175462   -0.00106266   
-0.00117865   6.15713e-05   -1.65309e-05   -0.00023718   -0.000231044   -0.000455842   0.000654757   0.000632299   -0.000516562   0.000603229   -0.000797592   -1.96021e-05   0.000370942   -1.12493e-05   -0.000102041   -0.000174957   2.43828e-05   -0.000258478   -0.000586909   -1.89421e-05   -0.000419663   -0.00077375   0.00011251   8.63013e-05   -7.73168e-07   -0.000100755   2.61843e-05   -7.23263e-05   -0.000119361   -0.000765533   -6.02159e-05   -0.000541681   7.53282e-05   -5.22643e-05   -7.69177e-05   1   -1.25748e-05   -0.000201129   0.000110326   -8.31435e-05   -2.28579e-05   -2.66624e-05   0.00025309   -1.17619e-05   3.00238e-05   5.30865e-06   -0.000101784   -0.000422026   8.58993e-05   1.09105e-06   -4.15791e-06   -5.67674e-06   -4.07543e-06   -3.5764e-05   1.0358e-06   -4.62769e-06   0.000186289   -4.339e-06   -0.000109591   -0.00299455   
-0.00669075   -0.00253858   -0.00151419   -0.00150394   -0.00174775   -0.00037266   0.00437957   -0.00528664   0.0016727   5.22063e-05   -0.00454968   0.000470033   0.00233983   0.000275236   -0.000649021   -0.00207559   -1.49948e-05   -0.00147438   -0.000594392   0.000647128   -0.00772916   -0.000607427   0.000569464   0.000779986   -5.43817e-06   -0.00189354   -0.000109516   -0.00121603   -1.01308e-06   -0.00535572   -8.11141e-05   0.000475287   -0.000128806   -0.000151086   1   -7.69177e-05   -0.00017122   -0.00146894   -0.0014171   -0.00205332   -0.00054105   -0.000631897   0.0018263   -0.000641892   0.000708676   4.2106e-05   -0.000134279   -0.00287732   0.00120761   9.57621e-06   0.000133402   0.000131558   0.000131992   -0.000160095   -0.000225069   0.000170015   0.00117759   2.71404e-06   -0.00213969   -0.0217411   
-0.00232182   -0.00151772   -0.00426543   -0.0038802   -0.00398012   -0.00782312   2.37199e-05   0.00573533   0.0103633   0.00644845   -0.00204551   0.000677433   0.0351242   0.000397441   0.000234239   0.000352423   5.90397e-05   -0.000662838   -0.00065378   0.000118971   -0.00291384   0.00138473   0.000197393   0.000971442   -1.24986e-05   -0.000363836   0.000212864   0.00220727   -0.00019078   -0.000281161   -3.65495e-05   0.0144735   0.000453396   1   -0.000151086   -5.22643e-05   -8.39958e-05   0.00317234   -0.000889681   -0.000416625   -0.000102968   -0.000120282   0.00175185   -0.000111266   0.000134944   0.000635156   -0.00254178   -0.00553465   0.00332484   0.000142698   0.000191283   6.50013e-05   0.000202609   0.000663007   -0.000459051   0.000299801   -0.0025998   -1.05553e-05   -0.000352288   -0.0316097   
0.00674013   -0.000208308   0.00343773   0.00034081   -0.00163837   0.00289464   -0.00232008   -0.0239721   -0.00232262   0.00765408   0.00646502   0.00193397   0.00330927   0.00112985   0.000636072   -0.00117044   6.60537e-05   0.00209423   0.000601117   0.00106066   -0.00242548   -0.00299158   -0.001129   0.000987536   2.24546e-05   -0.000441717   -0.00062206   0.000234038   0.00105027   0.00462171   -5.28335e-05   0.00378221   1   0.000453396   -0.000128806   7.53282e-05   -2.11935e-05   -0.000594346   -0.00163947   -0.000746433   -0.000154983   -0.000181157   -0.00267991   -0.000231329   0.000203072   -0.0010075   0.000428327   0.00192491   -0.000225325   -0.000226464   -9.14732e-05   0.000120026   -0.000113346   -0.000673305   0.000346575   -0.000211748   0.00256429   -1.18967e-05   -0.000421333   0.0374941   
-0.0412755   0.046074   0.0184275   0.0111092   0.0281008   0.0169   0.0770593   -0.148962   -0.0951164   -0.0178426   -0.0151536   -0.032457   -0.296458   -0.0189816   0.000333764   -0.00921618   -0.000928157   -0.00491102   -0.00158345   0.00412056   0.00778398   0.0136296   0.00610328   -0.00391378   1.66723e-05   -0.000668342   -0.00465148   -0.0183905   0.00630544   -0.0368483   -0.00230935   1   0.00378221   0.0144735   0.000475287   -0.000541681   -0.000989786   -0.0216212   -0.00740931   -0.00188971   3.20982e-05   3.74136e-05   -0.00247675   0.000346199   -4.14324e-05   -0.0100537   0.00333762   0.0272747   -0.0204844   -0.00225891   -0.00159022   0.00048492   -0.00179539   -0.00829051   0.0048962   -0.00295526   0.0329245   0.000167095   -0.000551362   -0.297711   
-0.00055601   -0.0011696   2.70345e-05   0.000889022   -0.000378889   -0.000641566   0.000938889   -0.00166459   0.000297789   -0.000370236   -0.000426504   -2.97204e-05   -0.000102515   -1.72321e-05   0.000111376   -0.000614736   -3.421e-06   -0.000138259   -0.00027997   0.000148962   -0.000394046   7.02617e-06   6.27137e-05   -0.000219053   2.47647e-06   -0.000147005   -0.000165691   -0.000114253   0.00019039   -0.000783432   1   -0.00230935   -5.28335e-05   -3.65495e-05   -8.11141e-05   -6.02159e-05   -3.82183e-05   -0.000352676   -8.79716e-05   -0.000173224   -2.95325e-05   -3.46395e-05   -1.83126e-05   -1.09913e-05   3.90197e-05   -0.000419302   0.000246518   -0.000313536   -4.74636e-05   -9.42519e-05   -7.76847e-05   8.06266e-06   -8.63104e-05   -0.000405118   0.000216341   -0.000137486   0.00160516   8.40436e-07   -0.000158202   0.00277739   
-0.0816188   -0.0231655   -0.0157747   -0.00535569   0.00670339   0.00166291   0.0352608   -0.0152386   0.00562647   -0.0154754   -0.0610853   -0.00317253   -0.0197795   -0.00185016   -0.0082299   -0.0113231   -0.000346724   -0.0197924   -0.00447335   -0.00110342   -0.0311032   0.0229807   0.00880957   0.00161783   -8.44231e-05   -0.00824961   0.00042112   -0.00842287   -0.00333837   1   -0.000783432   -0.0368483   0.00462171   -0.000281161   -0.00535572   -0.000765533   -0.000608566   -0.00718411   0.00250889   -0.00785918   -0.00222854   -0.00260285   0.0193884   -0.00242969   0.00291875   0.000127584   -0.00580545   -0.0239855   0.00381151   2.87794e-05   1.64896e-05   -1.00909e-05   1.91824e-05   -0.00250229   1.61975e-05   3.30293e-05   0.0136355   6.24166e-05   -0.00981232   -0.316593   
-0.00486413   -0.00233382   -4.75173e-05   -0.000856093   -0.00247722   -0.00123302   0.00109759   0.0243146   -0.00191287   -0.00200007   -0.00433114   -0.00210261   -0.00559998   -0.00123001   -0.00053245   0.000916078   6.56577e-05   -0.00140351   -0.00109519   0.000739884   -0.00184258   -0.00357174   0.000858085   0.00129345   3.18571e-06   -0.000451712   0.000154788   -0.000511229   1   -0.00333837   0.00019039   0.00630544   0.00105027   -0.00019078   -1.01308e-06   -0.000119361   -0.000224396   -0.000616155   -0.00296856   -0.000660146   -0.000114591   -0.000134068   0.00202153   -9.7938e-05   0.000150597   0.000829176   -0.00206303   -0.00298819   0.000538208   0.000186319   0.000361969   0.000203379   0.000374924   0.00119143   -0.000781243   0.00053091   -0.00443784   -1.15788e-05   -0.000325777   -1.42049e-05   
-0.00621725   -0.00253952   -0.00100311   0.000376121   0.00142586   0.00432296   0.0124473   0.0028918   -0.00452794   -0.0179415   -0.00432822   -0.00391087   -0.0459553   -0.00228696   -0.00128434   -0.00217175   -7.42763e-05   -0.00140258   -0.000215448   0.000277435   -0.00579552   0.000729259   0.0010806   -0.00154173   -4.67029e-06   -0.0019907   0.000119191   1   -0.000511229   -0.00842287   -0.000114253   -0.0183905   0.000234038   0.00220727   -0.00121603   -7.23263e-05   -0.000115882   -0.00568152   -0.000213371   -0.00197973   -0.000563617   -0.00065831   0.00162721   -0.00066727   0.00073849   0.000343049   0.001443   0.00337112   -0.0017236   7.72148e-05   0.000121395   5.41829e-05   0.000127242   -0.000151927   -0.000255728   0.000184466   0.00132536   1.3548e-05   -0.00233879   -0.0379399   
0.000546236   0.000361048   0.000512641   0.000542222   0.00156178   0.00142649   1.62018e-05   -0.0179562   -0.000224777   0.00265179   0.00104873   0.00131274   0.00239387   0.000768111   6.36343e-05   -0.00100348   1.36068e-05   0.000339898   0.000307548   -0.000373449   0.000357122   0.00205168   -0.000306922   -0.000453465   3.09159e-06   0.000104191   1   0.000119191   0.000154788   0.00042112   -0.000165691   -0.00465148   -0.00062206   0.000212864   -0.000109516   2.61843e-05   0.00012725   4.13812e-05   0.00176407   0.000208348   2.36532e-05   2.75222e-05   -0.000974076   1.72089e-05   -3.0407e-05   -0.000707612   0.000774006   0.00115102   -0.000392385   -0.000158874   -0.000255341   -0.000117021   -0.0002674   -0.000925384   0.000565425   -0.000386429   0.00358745   -2.19129e-06   2.39221e-05   -0.00427423   
-0.00979802   -0.00424563   -0.00256511   -0.00255254   -0.00278762   -0.00104032   0.00705986   -0.0105793   0.00482761   -0.00112931   -0.00658978   0.00135548   0.00703326   0.000793158   -0.000935891   -0.0038201   -5.79773e-05   -0.00213566   -0.000900498   -1.68756e-05   -0.0117522   0.00105581   0.000741286   0.000281885   -8.31155e-06   1   0.000104191   -0.0019907   -0.000451712   -0.00824961   -0.000147005   -0.000668342   -0.000441717   -0.000363836   -0.00189354   -0.000100755   -8.52108e-05   -0.0020751   0.000840229   -0.00282247   -0.000828632   -0.000967967   0.00275382   -0.000987398   0.00108569   0.000140432   0.000223651   -0.0040427   0.00201592   3.16075e-05   3.24539e-05   3.94023e-06   3.50277e-05   -0.000735591   -7.01287e-05   5.37644e-05   0.00369846   1.06013e-05   -0.00345923   -0.0312608   
-9.05612e-05   -5.08493e-05   -0.000126589   -3.59444e-05   4.63663e-05   -2.28415e-05   2.69546e-05   0.000119765   3.60633e-05   -1.58008e-05   -7.70373e-05   -8.94995e-06   4.39428e-05   -5.24347e-06   -7.84438e-06   -6.28381e-06   -2.02916e-07   -2.49606e-05   -4.97663e-06   -3.22263e-06   -3.62595e-05   -3.65416e-05   1.18581e-05   9.03966e-07   1   -8.31155e-06   3.09159e-06   -4.67029e-06   3.18571e-06   -8.44231e-05   2.47647e-06   1.66723e-05   2.24546e-05   -1.24986e-05   -5.43817e-06   -7.73168e-07   -4.80869e-06   2.48722e-06   -1.94248e-07   -1.19933e-05   -2.12094e-06   -2.6114e-06   4.05458e-05   -2.53145e-06   3.13225e-06   5.67917e-06   -2.10729e-05   -4.7896e-05   1.28824e-05   1.29509e-06   1.21388e-06   -4.06321e-09   1.19716e-06   2.44625e-06   -2.78695e-06   2.06452e-06   -4.83017e-06   1.65702e-07   -1.00256e-05   -0.000200731   
0.00566372   -0.0012029   -7.30779e-05   0.000287376   -8.45424e-05   -0.000726271   0.00106703   0.0190894   0.00602565   -0.0155077   0.00314032   -0.00602129   -0.0335516   -0.00352352   0.000947786   0.00203336   -7.62439e-05   0.00101781   0.000482617   0.00327251   0.00239535   0.00228805   0.000313323   1   9.03966e-07   0.000281885   -0.000453465   -0.00154173   0.00129345   0.00161783   -0.000219053   -0.00391378   0.000987536   0.000971442   0.000779986   8.63013e-05   -0.000329763   -0.0011096   -0.00607257   -0.000332737   7.33872e-05   8.54449e-05   5.16649e-05   6.08263e-05   -9.57626e-05   0.000140464   -0.000262151   0.0020282   -0.0014355   3.16437e-05   0.000401864   0.000393483   0.000398299   0.00128005   -0.000675372   0.000513867   -0.00528365   1.38727e-05   0.000630732   0.0185727   
0.0122558   0.0026536   0.0031874   0.000594549   -0.00163165   0.000812346   -0.00502187   -0.00733564   -0.00177681   0.00522345   0.00980031   0.00107398   0.00348445   0.000627208   0.00122481   0.00085897   4.77658e-05   0.00317531   0.000547362   0.000634207   0.0024794   -0.00447535   1   0.000313323   1.18581e-05   0.000741286   -0.000306922   0.0010806   0.000858085   0.00880957   6.27137e-05   0.00610328   -0.001129   0.000197393   0.000569464   0.00011251   3.16727e-05   0.000511536   -0.00116709   0.000552255   0.000188766   0.000220431   -0.00330662   0.000183972   -0.000246884   -0.000407955   0.000736815   0.00344365   -0.000509158   -9.17726e-05   -2.26229e-05   6.39767e-05   -3.15685e-05   5.18636e-05   0.000112651   -6.77633e-05   -0.000667551   -8.42043e-06   0.000931251   0.0540068   
0.03386   -0.025547   -0.0944329   -0.00638727   0.0205707   0.00504179   0.0507089   0.0534031   -0.109834   0.0692652   0.0192766   0.0146483   0.0262005   0.00857249   0.00253458   -8.58587e-05   0.000963352   0.00624723   -0.00253372   -0.00112863   -0.000254364   1   -0.00447535   0.00228805   -3.65416e-05   0.00105581   0.00205168   0.000729259   -0.00357174   0.0229807   7.02617e-06   0.0136296   -0.00299158   0.00138473   -0.000607427   -0.00077375   0.000540051   -0.00605831   0.0115974   0.00240601   0.000370674   0.000432912   -0.00378232   0.000712886   -0.000485131   0.00191145   0.0107902   0.0173552   -0.00192963   0.000429727   -0.000359433   -0.000789988   -0.000309415   0.000106462   -6.80792e-07   -0.000261859   -0.00144272   -0.000173284   0.00101849   -0.127858   
-0.0389533   -0.0194116   -0.0112714   -0.0113472   -0.0130264   -0.00622901   0.0261756   -0.033117   0.0129656   0.00822645   -0.0271118   0.0101705   0.063585   0.00595146   -0.00367539   -0.0157568   -2.58603e-05   -0.0087863   -0.00246033   3.28469e-05   1   -0.000254364   0.0024794   0.00239535   -3.62595e-05   -0.0117522   0.000357122   -0.00579552   -0.00184258   -0.0311032   -0.000394046   0.00778398   -0.00242548   -0.00291384   -0.00772916   -0.000419663   -0.000277111   -0.00596515   0.00366445   -0.0114882   -0.00337855   -0.00394615   0.0107787   -0.0040394   0.00442518   0.000405277   0.0016427   -0.018554   0.0100147   9.11365e-05   8.23037e-05   -4.37248e-07   9.01543e-05   -0.00309786   -0.000213963   0.000141626   0.0153815   4.76692e-06   -0.0139615   -0.128563   
-0.00452152   0.00306351   -0.000222231   -0.00203327   -0.000165216   0.00295959   -0.00419518   0.0174224   0.00231562   -0.00282113   -0.00321404   -0.00153898   -0.00680118   -0.000900347   -0.000278631   0.00197328   -1.54468e-05   -0.00104153   -9.86934e-05   1   3.28469e-05   -0.00112863   0.000634207   0.00327251   -3.22263e-06   -1.68756e-05   -0.000373449   0.000277435   0.000739884   -0.00110342   0.000148962   0.00412056   0.00106066   0.000118971   0.000647128   -1.89421e-05   -0.000415666   -1.72104e-05   -0.00671064   -0.000666408   1.32133e-06   1.269e-06   0.00110463   1.08159e-05   -1.09294e-06   0.000366011   -0.00141105   -0.00120875   -9.51113e-05   8.22409e-05   0.000492255   0.000440184   0.000492271   0.00153735   -0.000883386   0.000648134   -0.00592309   2.96577e-06   0.000351007   -0.0221143   
-0.00681784   0.000346336   -0.000408368   -0.00159082   -0.00139184   -0.00276566   0.00356498   0.00220919   -0.00115327   0.00290325   -0.00454502   0.000643764   0.00654254   0.00037688   -0.000543062   -0.00143383   3.12242e-06   -0.00147291   1   -9.86934e-05   -0.00246033   -0.00253372   0.000547362   0.000482617   -4.97663e-06   -0.000900498   0.000307548   -0.000215448   -0.00109519   -0.00447335   -0.00027997   -0.00158345   0.000601117   -0.00065378   -0.000594392   -0.000586909   -0.000303549   -0.00323612   0.000470124   -0.000642818   -0.000136281   -0.000159094   0.00169942   7.91934e-05   0.000178701   7.39373e-05   -0.000210819   -0.00261743   0.000711219   1.65813e-05   -5.12105e-06   -2.11992e-05   -3.4917e-06   -0.000307881   -7.22816e-06   8.78153e-07   0.00158484   -2.97936e-07   -0.000979798   -0.0172337   
-0.0295469   -0.00648415   -0.0038396   -0.00137987   0.0003925   0.000100927   0.00314158   0.00929568   0.00432187   -0.00022913   -0.0233719   0.000378778   0.00677303   0.000221719   -0.00257489   -0.00284822   -4.99069e-05   1   -0.00147291   -0.00104153   -0.0087863   0.00624723   0.00317531   0.00101781   -2.49606e-05   -0.00213566   0.000339898   -0.00140258   -0.00140351   -0.0197924   -0.000138259   -0.00491102   0.00209423   -0.000662838   -0.00147438   -0.000258478   -0.000130775   -0.00032106   0.00149935   -0.00190871   -0.0005682   -0.000663848   0.00785734   -0.000595926   0.000744358   0.000353071   -0.00230873   -0.01316   0.00177477   7.92793e-05   1.59645e-05   -5.92018e-05   2.37012e-05   -0.000507696   -8.94334e-05   5.4036e-05   0.00308954   8.95461e-06   -0.00256485   -0.0422166   
-0.000290802   3.90698e-05   -5.25478e-05   -8.08677e-05   4.96069e-05   3.99324e-05   0.000267724   -0.00028658   0.000587664   -0.000876795   -0.000153828   -0.000213609   -0.00159605   -0.000124921   -2.73182e-05   3.76796e-06   1   -4.99069e-05   3.12242e-06   -1.54468e-05   -2.58603e-05   0.000963352   4.77658e-05   -7.62439e-05   -2.02916e-07   -5.79773e-05   1.36068e-05   -7.42763e-05   6.56577e-05   -0.000346724   -3.421e-06   -0.000928157   6.60537e-05   5.90397e-05   -1.49948e-05   2.43828e-05   -2.63819e-05   -9.63235e-05   -1.04324e-05   -2.41505e-05   -7.40119e-06   -8.79825e-06   0.0001226   -9.30603e-06   9.92033e-06   3.40595e-05   -2.8398e-05   -1.7066e-05   -5.74035e-05   7.55524e-06   8.13354e-06   1.15258e-06   8.69501e-06   -2.51602e-05   5.51375e-06   1.33806e-05   0.000135574   2.30838e-05   -0.000109407   0.000108475   
-0.0151355   -0.00365961   -0.00157536   -0.00184766   -8.18245e-05   0.0026055   0.00964492   -0.0480158   -0.0010313   0.00850546   -0.0087885   0.00285574   0.0044749   0.00167047   -0.00144757   1   3.76796e-06   -0.00284822   -0.00143383   0.00197328   -0.0157568   -8.58587e-05   0.00085897   0.00203336   -6.28381e-06   -0.0038201   -0.00100348   -0.00217175   0.000916078   -0.0113231   -0.000614736   -0.00921618   -0.00117044   0.000352423   -0.00207559   -0.000174957   -0.000365645   -0.00355895   -0.00328607   -0.0043542   -0.001091   -0.00127435   0.00200509   -0.00128863   0.00142908   -0.00165133   0.000684359   -0.00442989   0.00138672   -0.000370988   -5.83683e-05   0.000293547   -9.5448e-05   -0.00179956   0.00043841   -0.000232966   0.00821872   -6.26135e-07   -0.00427898   -0.0621347   
-0.0108669   -0.00722533   0.000544724   -0.000573347   -0.00064773   0.0025834   0.00275151   0.00114027   -0.00178762   -0.000249856   -0.00794567   -0.00103595   -0.00743907   -0.000606367   1   -0.00144757   -2.73182e-05   -0.00257489   -0.000543062   -0.000278631   -0.00367539   0.00253458   0.00122481   0.000947786   -7.84438e-06   -0.000935891   6.36343e-05   -0.00128434   -0.00053245   -0.0082299   0.000111376   0.000333764   0.000636072   0.000234239   -0.000649021   -0.000102041   -4.7622e-05   -0.00117229   0.000696196   -0.000850469   -0.000250654   -0.000292809   0.00232568   -0.000267423   0.000328841   -3.92715e-05   -0.00298145   -0.00381135   0.000120001   -8.65318e-06   -3.4536e-05   -2.80922e-05   -3.50218e-05   -0.000404494   7.12061e-05   -4.69946e-05   0.00209595   5.20354e-06   -0.00112968   -0.00806562   
0.00151481   0.000498237   -0.00733995   -3.96103e-05   0.00690813   -0.00405228   0.0173882   0.0159544   -0.000293058   -0.0242057   0.00068383   -0.00587988   -0.0301564   1   -0.000606367   0.00167047   -0.000124921   0.000221719   0.00037688   -0.000900347   0.00595146   0.00857249   0.000627208   -0.00352352   -5.24347e-06   0.000793158   0.000768111   -0.00228696   -0.00123001   -0.00185016   -1.72321e-05   -0.0189816   0.00112985   0.000397441   0.000275236   -1.12493e-05   0.000114434   -0.00176063   0.00249742   0.00123014   0.000252059   0.000294223   -0.000168116   0.000329826   -0.000329611   0.0012185   0.00112702   0.010165   -0.00115817   0.000273875   7.57262e-05   -0.000182131   0.000102425   0.000778346   -0.000352226   0.000212406   -0.00306135   2.26963e-05   0.00075942   -0.170191   
0.0274031   0.0182213   0.0125721   0.0432847   0.0783121   0.0742201   0.103547   0.0620392   -0.124445   -0.236454   0.0208991   -0.0515835   1   -0.0301564   -0.00743907   0.0044749   -0.00159605   0.00677303   0.00654254   -0.00680118   0.063585   0.0262005   0.00348445   -0.0335516   4.39428e-05   0.00703326   0.00239387   -0.0459553   -0.00559998   -0.0197795   -0.000102515   -0.296458   0.00330927   0.0351242   0.00233983   0.000370942   0.00132758   -0.0548721   0.02393   0.0101872   0.00218565   0.00255285   -0.0166692   0.00270319   -0.0028625   0.0006861   0.033224   0.117554   -0.0489867   0.000154308   -0.001496   -0.00172479   -0.00145516   -0.00264589   0.00264572   -0.00179534   0.0110182   0.000287197   0.00640964   -0.431741   
0.00259047   0.000849946   -0.0125471   -7.01976e-05   0.011803   -0.00693169   0.0297124   0.0272675   -0.000498082   -0.0413684   0.00116913   1   -0.0515835   -0.00587988   -0.00103595   0.00285574   -0.000213609   0.000378778   0.000643764   -0.00153898   0.0101705   0.0146483   0.00107398   -0.00602129   -8.94995e-06   0.00135548   0.00131274   -0.00391087   -0.00210261   -0.00317253   -2.97204e-05   -0.032457   0.00193397   0.000677433   0.000470033   -1.96021e-05   0.000195226   -0.00300728   0.00426749   0.00210239   0.000430264   0.000502599   -0.000284198   0.000563342   -0.000563633   0.00208294   0.00190904   0.0173612   -0.00197767   0.000468134   0.000129211   -0.000311528   0.000175009   0.00133067   -0.000602638   0.000363097   -0.005235   3.85069e-05   0.00129771   -0.290875   
-0.0911768   -0.0200092   -0.0118485   -0.00425867   0.00121001   0.000310339   0.00969201   0.0286812   0.0133336   -0.000708661   1   0.00116913   0.0208991   0.00068383   -0.00794567   -0.0087885   -0.000153828   -0.0233719   -0.00454502   -0.00321404   -0.0271118   0.0192766   0.00980031   0.00314032   -7.70373e-05   -0.00658978   0.00104873   -0.00432822   -0.00433114   -0.0610853   -0.000426504   -0.0151536   0.00646502   -0.00204551   -0.00454968   -0.000797592   -0.000403728   -0.000987977   0.00462654   -0.00588992   -0.00175356   -0.00204806   0.0242488   -0.00183858   0.00229677   0.00108927   -0.00712439   -0.0406122   0.00547625   0.000244905   4.89279e-05   -0.000182697   7.31146e-05   -0.00156672   -0.000275911   0.000166665   0.00953288   2.76505e-05   -0.00791445   -0.130267   
0.00291297   -0.00364558   -0.00382004   -0.0018784   -0.00402335   0.0022988   0.00786004   0.0709865   0.106729   1   -0.000708661   -0.0413684   -0.236454   -0.0242057   -0.000249856   0.00850546   -0.000876795   -0.00022913   0.00290325   -0.00282113   0.00822645   0.0692652   0.00522345   -0.0155077   -1.58008e-05   -0.00112931   0.00265179   -0.0179415   -0.00200007   -0.0154754   -0.000370236   -0.0178426   0.00765408   0.00644845   5.22063e-05   0.000603229   -0.000364561   -0.0113822   -0.00652456   -0.00102767   -0.000364504   -0.000425769   0.0102594   -0.00063983   0.000477374   0.00782488   -0.010576   0.00749325   -0.00663024   0.00175861   0.00202599   0.000453556   0.00217246   0.00772889   -0.00478558   0.0032812   -0.0300488   0.000157914   -0.00133339   0.0787902   
0.000926719   0.00483578   0.0168738   0.0100114   0.0118454   0.0213416   0.0342967   0.127127   1   0.106729   0.0133336   -0.000498082   -0.124445   -0.000293058   -0.00178762   -0.0010313   0.000587664   0.00432187   -0.00115327   0.00231562   0.0129656   -0.109834   -0.00177681   0.00602565   3.60633e-05   0.00482761   -0.000224777   -0.00452794   -0.00191287   0.00562647   0.000297789   -0.0951164   -0.00232262   0.0103633   0.0016727   -0.000516562   0.000810484   -0.0128153   0.0131423   0.00599471   0.001473   0.0017204   -0.00888689   0.00201114   -0.00192948   -0.00365424   0.00730403   0.0207452   -0.0153273   -0.000821365   -0.00166165   -0.000966273   -0.00171812   -0.00441067   0.00337702   -0.00242299   0.0167699   -0.000105769   0.00521622   -0.00916924   
0.0230011   0.00928258   0.00735478   0.0215885   0.0351958   0.0408457   0.067814   1   0.127127   0.0709865   0.0286812   0.0272675   0.0620392   0.0159544   0.00114027   -0.0480158   -0.00028658   0.00929568   0.00220919   0.0174224   -0.033117   0.0534031   -0.00733564   0.0190894   0.000119765   -0.0105793   -0.0179562   0.0028918   0.0243146   -0.0152386   -0.00166459   -0.148962   -0.0239721   0.00573533   -0.00528664   0.000632299   -0.000621037   -0.00666854   -0.013554   -0.0159315   -0.00323495   -0.00377831   -0.034422   -0.00428584   0.0042371   -0.0376259   0.0114529   0.0054322   -0.00616859   -0.00845603   -0.00660353   0.00112901   -0.00735981   -0.0338982   0.018756   -0.0118709   0.135374   5.14894e-05   -0.0118824   -0.100267   
-0.000728875   0.0148634   0.00753975   0.0201824   0.0387485   0.0392144   1   0.067814   0.0342967   0.00786004   0.00969201   0.0297124   0.103547   0.0173882   0.00275151   0.00964492   0.000267724   0.00314158   0.00356498   -0.00419518   0.0261756   0.0507089   -0.00502187   0.00106703   2.69546e-05   0.00705986   1.62018e-05   0.0124473   0.00109759   0.0352608   0.000938889   0.0770593   -0.00232008   2.37199e-05   0.00437957   0.000654757   0.000585334   0.0117087   -5.39979e-05   0.0069452   0.00191093   0.00223191   -0.00957969   0.00208646   -0.00250279   0.00035465   0.014169   0.0244904   -0.00267112   7.98532e-05   -5.26271e-05   -0.000131745   -4.36451e-05   0.00215996   -4.15549e-05   -3.10647e-05   -0.0106791   -4.82202e-05   0.00827006   -0.230499   
0.00568633   0.0101982   0.00828626   0.0130929   0.0221963   1   0.0392144   0.0408457   0.0213416   0.0022988   0.000310339   -0.00693169   0.0742201   -0.00405228   0.0025834   0.0026055   3.99324e-05   0.000100927   -0.00276566   0.00295959   -0.00622901   0.00504179   0.000812346   -0.000726271   -2.28415e-05   -0.00104032   0.00142649   0.00432296   -0.00123302   0.00166291   -0.000641566   0.0169   0.00289464   -0.00782312   -0.00037266   -0.000455842   -0.000440843   0.00676858   -0.00282148   -0.000884366   -0.000211088   -0.000246543   0.0043689   -7.31671e-05   0.000276552   0.00341452   -0.00127313   -0.0095336   0.00991906   0.000767438   0.000885135   0.000199007   0.000948982   0.00329829   -0.00217582   0.00143314   -0.0133931   -7.20211e-06   -0.000975028   -0.0968928   
0.00488933   0.00965377   0.00577559   0.0121958   1   0.0221963   0.0387485   0.0351958   0.0118454   -0.00402335   0.00121001   0.011803   0.0783121   0.00690813   -0.00064773   -8.18245e-05   4.96069e-05   0.0003925   -0.00139184   -0.000165216   -0.0130264   0.0205707   -0.00163165   -8.45424e-05   4.63663e-05   -0.00278762   0.00156178   0.00142586   -0.00247722   0.00670339   -0.000378889   0.0281008   -0.00163837   -0.00398012   -0.00174775   -0.000231044   -0.000109081   -0.000489052   -9.7388e-06   -0.00238144   -0.000778843   -0.000909682   0.00350668   -0.000878675   0.00102018   0.00355171   0.00743844   -0.000734674   0.00659869   0.000798269   0.000780592   5.92362e-05   0.000849355   0.00255166   -0.00203415   0.00131631   -0.00934504   -8.96315e-06   -0.00322001   -0.110945   
0.00510547   0.00667605   0.00588242   1   0.0121958   0.0130929   0.0201824   0.0215885   0.0100114   -0.0018784   -0.00425867   -7.01976e-05   0.0432847   -3.96103e-05   -0.000573347   -0.00184766   -8.08677e-05   -0.00137987   -0.00159082   -0.00203327   -0.0113472   -0.00638727   0.000594549   0.000287376   -3.59444e-05   -0.00255254   0.000542222   0.000376121   -0.000856093   -0.00535569   0.000889022   0.0111092   0.00034081   -0.0038802   -0.00150394   -0.00023718   -0.000287672   0.000751839   -0.000845866   -0.00249687   -0.000692612   -0.000808963   0.00526299   -0.000757658   0.000907233   0.00129491   -0.00991435   -0.0105875   0.00576511   0.000291042   0.000361814   0.000103037   0.000385598   0.000660661   -0.000848735   0.000576035   -0.00192713   1.4534e-05   -0.00293868   -0.0457636   
0.0025147   0.00787526   1   0.00588242   0.00577559   0.00828626   0.00753975   0.00735478   0.0168738   -0.00382004   -0.0118485   -0.0125471   0.0125721   -0.00733995   0.000544724   -0.00157536   -5.25478e-05   -0.0038396   -0.000408368   -0.000222231   -0.0112714   -0.0944329   0.0031874   -7.30779e-05   -0.000126589   -0.00256511   0.000512641   -0.00100311   -4.75173e-05   -0.0157747   2.70345e-05   0.0184275   0.00343773   -0.00426543   -0.00151419   -1.65309e-05   -0.000275329   0.00462786   -0.00102323   -0.00271137   -0.000748669   -0.000874438   0.0089451   -0.000923813   0.000980609   0.00147708   -0.0162999   -0.0193839   0.00645158   0.000331974   0.000408656   0.000113219   0.000435859   0.000880093   -0.000969507   0.000652006   -0.00310478   9.43203e-06   -0.00297925   -0.00288678   
0.00648414   1   0.00787526   0.00667605   0.00965377   0.0101982   0.0148634   0.00928258   0.00483578   -0.00364558   -0.0200092   0.000849946   0.0182213   0.000498237   -0.00722533   -0.00365961   3.90698e-05   -0.00648415   0.000346336   0.00306351   -0.0194116   -0.025547   0.0026536   -0.0012029   -5.08493e-05   -0.00424563   0.000361048   -0.00253952   -0.00233382   -0.0231655   -0.0011696   0.046074   -0.000208308   -0.00151772   -0.00253858   6.15713e-05   -0.000180464   -0.00229569   -0.0014591   -0.00445704   -0.00127375   -0.0014877   0.00700166   -0.00162038   0.00166839   0.00142224   -0.00890976   -0.0164169   0.00446171   0.000319672   0.000464617   0.000184026   0.000489618   0.00057833   -0.0010689   0.000716326   0.000373009   -7.06252e-06   -0.00491478   -0.0283096   
1   0.00648414   0.0025147   0.00510547   0.00488933   0.00568633   -0.000728875   0.0230011   0.000926719   0.00291297   -0.0911768   0.00259047   0.0274031   0.00151481   -0.0108669   -0.0151355   -0.000290802   -0.0295469   -0.00681784   -0.00452152   -0.0389533   0.03386   0.0122558   0.00566372   -9.05612e-05   -0.00979802   0.000546236   -0.00621725   -0.00486413   -0.0816188   -0.00055601   -0.0412755   0.00674013   -0.00232182   -0.00669075   -0.00117865   -0.000624909   -0.00392854   0.0062489   -0.00899328   -0.00260149   -0.00303847   0.0253503   -0.00272449   0.0034074   -0.000599614   -0.00805396   -0.0513132   0.00692664   -0.00013482   -0.000339704   -0.000229177   -0.00034783   -0.00423363   0.000743195   -0.000480995   0.0214496   5.2326e-05   -0.0117511   0.0621342   


NLL
75.2745

