NUISANCE_PARAMETERS
Dummy  0.00483381 +0.993313 -0.993313
gamma_stat_CR1_ST_bin_0  2.52696e-08 +53959 -53959
gamma_stat_CR1_ST_bin_1  2.52696e-08 +53959 -53959
gamma_stat_CR1_ST_bin_10  0.982832 +0.00193999 -0.00193999
gamma_stat_CR1_ST_bin_11  0.978814 +0.00235069 -0.00235069
gamma_stat_CR1_ST_bin_12  0.977017 +0.0029873 -0.0029873
gamma_stat_CR1_ST_bin_13  0.983602 +0.00320217 -0.00320217
gamma_stat_CR1_ST_bin_14  0.96306 +0.00479015 -0.00479015
gamma_stat_CR1_ST_bin_15  0.978759 +0.00443978 -0.00443978
gamma_stat_CR1_ST_bin_16  0.978603 +0.0057497 -0.0057497
gamma_stat_CR1_ST_bin_17  0.965064 +0.00795016 -0.00795016
gamma_stat_CR1_ST_bin_18  0.973944 +0.00676205 -0.00676205
gamma_stat_CR1_ST_bin_19  0.981728 +0.00779194 -0.00779194
gamma_stat_CR1_ST_bin_2  2.52696e-08 +53959 -53959
gamma_stat_CR1_ST_bin_20  0.973618 +0.00894832 -0.00894832
gamma_stat_CR1_ST_bin_21  0.977474 +0.00979908 -0.00979908
gamma_stat_CR1_ST_bin_22  0.97504 +0.0109563 -0.0109563
gamma_stat_CR1_ST_bin_23  0.989751 +0.0120077 -0.0120077
gamma_stat_CR1_ST_bin_24  0.976024 +0.0131835 -0.0131835
gamma_stat_CR1_ST_bin_25  0.986274 +0.0143572 -0.0143572
gamma_stat_CR1_ST_bin_26  0.976909 +0.0157727 -0.0157727
gamma_stat_CR1_ST_bin_27  0.985004 +0.0172699 -0.0172699
gamma_stat_CR1_ST_bin_28  0.975714 +0.02123 -0.02123
gamma_stat_CR1_ST_bin_29  0.950033 +0.0118251 -0.0118251
gamma_stat_CR1_ST_bin_3  2.52696e-08 +53959 -53959
gamma_stat_CR1_ST_bin_4  2.52696e-08 +53959 -53959
gamma_stat_CR1_ST_bin_5  1.01074 +1.77886e-05 -1.77886e-05
gamma_stat_CR1_ST_bin_6  1.00702 +0.00044605 -0.00044605
gamma_stat_CR1_ST_bin_7  0.994266 +0.00110018 -0.00110018
gamma_stat_CR1_ST_bin_8  0.989057 +0.00133771 -0.00133771
gamma_stat_CR1_ST_bin_9  0.985545 +0.00151474 -0.00151474
gamma_stat_CR2_ST_bin_0  4.31248e-08 +54104.1 -54104.1
gamma_stat_CR2_ST_bin_1  4.31248e-08 +54104.1 -54104.1
gamma_stat_CR2_ST_bin_10  0.996113 +0.00132789 -0.00132789
gamma_stat_CR2_ST_bin_11  0.992533 +0.00142901 -0.00142901
gamma_stat_CR2_ST_bin_12  0.991556 +0.00160928 -0.00160928
gamma_stat_CR2_ST_bin_13  0.990749 +0.0017896 -0.0017896
gamma_stat_CR2_ST_bin_14  0.989614 +0.0019745 -0.0019745
gamma_stat_CR2_ST_bin_15  0.989681 +0.00219636 -0.00219636
gamma_stat_CR2_ST_bin_16  0.986526 +0.00248113 -0.00248113
gamma_stat_CR2_ST_bin_17  0.986331 +0.00274899 -0.00274899
gamma_stat_CR2_ST_bin_18  0.982851 +0.0030517 -0.0030517
gamma_stat_CR2_ST_bin_19  0.983448 +0.00343847 -0.00343847
gamma_stat_CR2_ST_bin_2  4.31248e-08 +54104.1 -54104.1
gamma_stat_CR2_ST_bin_20  0.983671 +0.00383976 -0.00383976
gamma_stat_CR2_ST_bin_21  0.979569 +0.0042321 -0.0042321
gamma_stat_CR2_ST_bin_22  0.977358 +0.00476009 -0.00476009
gamma_stat_CR2_ST_bin_23  0.974987 +0.00519045 -0.00519045
gamma_stat_CR2_ST_bin_24  0.975018 +0.0056537 -0.0056537
gamma_stat_CR2_ST_bin_25  0.973621 +0.00632789 -0.00632789
gamma_stat_CR2_ST_bin_26  0.970612 +0.00678716 -0.00678716
gamma_stat_CR2_ST_bin_27  0.971506 +0.00742803 -0.00742803
gamma_stat_CR2_ST_bin_28  0.968994 +0.00809636 -0.00809636
gamma_stat_CR2_ST_bin_29  0.967032 +0.00333762 -0.00333762
gamma_stat_CR2_ST_bin_3  4.31248e-08 +54104.1 -54104.1
gamma_stat_CR2_ST_bin_4  4.31248e-08 +54104.1 -54104.1
gamma_stat_CR2_ST_bin_5  1.07505 +0.000135052 -0.000135052
gamma_stat_CR2_ST_bin_6  1.01919 +8.64134e-05 -8.64134e-05
gamma_stat_CR2_ST_bin_7  1.00953 +0.000145095 -0.000145095
gamma_stat_CR2_ST_bin_8  1.00821 +0.00159728 -0.00159728
gamma_stat_CR2_ST_bin_9  1.00097 +0.00123674 -0.00123674
mu_W  1.18268 +0.00630122 -0.00630122
mu_tt  1.03921 +0.00250555 -0.00250555


CORRELATION_MATRIX
63   63
-0.00432605   -0.00241903   8.92212e-05   3.1976e-05   1.68676e-05   -4.63723e-06   -1.40227e-07   -8.65872e-09   -8.65872e-09   6.45709e-06   2.53644e-06   5.94922e-05   -3.3015e-05   -6.72471e-05   1.03809e-05   4.0077e-05   7.45658e-05   -2.52541e-06   -7.16015e-05   -8.65872e-09   8.18895e-05   2.31226e-05   -2.72994e-05   3.46212e-06   1.54607e-05   0.000218528   -9.77262e-05   -6.68333e-06   4.46983e-05   8.98553e-05   -8.65872e-09   -8.65872e-09   -0.000124014   -7.93897e-05   3.95996e-05   3.17263e-05   -3.52426e-05   1.32048e-07   1.32048e-07   -0.000233938   -0.000131791   -0.000145872   -3.01982e-05   -0.000116374   -2.41476e-05   -0.00010214   -7.73621e-05   -0.0002665   -3.61813e-06   1.32048e-07   -1.56395e-06   -0.000178425   -0.000265478   -0.000263317   -0.000227421   -0.000234489   -0.000250204   -1.49138e-05   -6.64955e-05   -2.76009e-05   1.32048e-07   1.32048e-07   1   
-1.75786e-05   2.07119e-05   2.39595e-06   3.27651e-06   -1.70505e-09   -1.25748e-10   3.58671e-10   -1.14337e-15   -1.14337e-15   -6.11654e-07   -1.47532e-07   -1.67465e-07   -1.65343e-07   -1.46972e-07   -1.46856e-07   -1.21722e-07   -8.35523e-08   -5.74776e-08   -3.48564e-09   -1.14337e-15   7.03562e-08   1.59966e-07   2.75595e-07   4.5157e-07   5.88165e-07   7.79617e-07   1.03027e-06   1.29914e-06   1.60763e-06   2.03019e-06   -1.14337e-15   -1.14337e-15   -2.04449e-06   -1.98339e-06   -1.83413e-06   1.83245e-09   -1.7799e-09   1.47198e-07   1.47198e-07   -0.000220781   -0.000220035   3.32954e-06   -4.00572e-07   3.18563e-06   -5.19576e-07   -5.68808e-07   -6.5797e-07   -0.000220784   -8.39368e-07   1.47198e-07   -9.21143e-07   2.60582e-06   2.19087e-06   2.19787e-06   2.18279e-06   1.67775e-06   1.89243e-06   -1.38361e-06   1.51601e-06   -2.09008e-06   1.47198e-07   1   1.32048e-07   
-1.75786e-05   2.07119e-05   2.39595e-06   3.27651e-06   -1.70505e-09   -1.25748e-10   3.58671e-10   -1.14337e-15   -1.14337e-15   -6.11654e-07   -1.47532e-07   -1.67465e-07   -1.65343e-07   -1.46972e-07   -1.46856e-07   -1.21722e-07   -8.35523e-08   -5.74776e-08   -3.48564e-09   -1.14337e-15   7.03562e-08   1.59966e-07   2.75595e-07   4.5157e-07   5.88165e-07   7.79617e-07   1.03027e-06   1.29914e-06   1.60763e-06   2.03019e-06   -1.14337e-15   -1.14337e-15   -2.04449e-06   -1.98339e-06   -1.83413e-06   1.83245e-09   -1.7799e-09   1.47198e-07   1.47198e-07   -0.000220781   -0.000220035   3.32954e-06   -4.00572e-07   3.18563e-06   -5.19576e-07   -5.68808e-07   -6.5797e-07   -0.000220784   -8.39368e-07   1.47198e-07   -9.21143e-07   2.60582e-06   2.19087e-06   2.19787e-06   2.18279e-06   1.67775e-06   1.89243e-06   -1.38361e-06   1.51601e-06   -2.09008e-06   1   1.47198e-07   1.32048e-07   
0.0511418   -0.0930477   -0.0034439   -0.00476898   2.85287e-06   -3.39035e-07   -1.50241e-06   2.38988e-13   2.38988e-13   0.00392789   0.00125182   0.00142553   0.00149026   0.00150817   0.00157978   0.00162662   0.00164356   0.00166875   0.00161942   2.38988e-13   0.00154208   0.00138108   0.00118771   0.000817136   0.000624273   0.000282775   -0.00017815   -0.000689444   -0.00143247   -0.00244701   2.38988e-13   2.38988e-13   0.0150859   0.0174839   0.0196196   -2.52054e-05   7.97612e-06   -2.09008e-06   -2.09008e-06   0.00477864   0.00141774   0.00169784   0.00195031   0.00169476   0.0025442   0.00280047   0.00325789   0.00319383   0.00419779   -2.09008e-06   0.00463436   0.00498242   0.00723982   0.00702282   0.00710201   0.010376   0.00912184   0.0121403   0.0126794   1   -2.09008e-06   -2.09008e-06   -2.76009e-05   
0.0603342   -0.0939865   -0.00576091   -0.00791965   4.38278e-06   -6.12456e-08   -1.55154e-06   5.75765e-13   5.75765e-13   0.00359958   0.00108079   0.00123002   0.00127223   0.001259   0.00130885   0.00130636   0.00126473   0.00124578   0.0011357   5.75765e-13   0.000978281   0.000740333   0.000443327   -6.19276e-05   -0.000387933   -0.000894543   -0.00156755   -0.00230118   -0.00325213   -0.00455246   5.75765e-13   5.75765e-13   0.0133981   0.0149871   0.0162693   -2.01631e-05   8.05797e-06   1.51601e-06   1.51601e-06   -0.00061722   -0.0039593   0.00176365   0.00192298   -0.00369133   0.00250438   0.00275228   0.00319659   -0.00224124   0.00410701   1.51601e-06   0.00452641   0.0050313   0.00719445   0.00697276   0.0014904   0.0101004   0.00330773   0.0114571   1   0.0126794   1.51601e-06   1.51601e-06   -6.64955e-05   
0.0677819   -0.0968379   -0.00741335   -0.0101687   5.48899e-06   1.18606e-07   -1.62062e-06   1.29134e-13   1.29134e-13   0.00347054   0.000994664   0.00113144   0.00115992   0.00112601   0.00116282   0.00112801   0.00104708   0.00099882   0.000846374   1.29134e-13   0.000632852   0.000338907   -3.29454e-05   -0.000638309   -0.00105915   -0.00168578   -0.00251353   -0.00341002   -0.0045196   -0.00603779   1.29134e-13   1.29134e-13   0.0126132   0.0137109   0.0144655   -1.73429e-05   8.30053e-06   -1.38361e-06   -1.38361e-06   0.00376686   0.00035627   0.00171598   0.00195087   0.000620984   0.00253795   0.00278627   0.00323258   0.00209172   0.0041454   -1.38361e-06   0.00456355   0.00492053   0.00707325   0.00684625   0.00575521   0.00989788   0.00747982   1   0.0114571   0.0121403   -1.38361e-06   -1.38361e-06   -1.49138e-05   
0.0550462   -0.0755749   -0.00635013   -0.00870336   4.65121e-06   1.63179e-07   -1.27315e-06   2.16644e-12   2.16644e-12   0.00261752   0.000730842   0.000831082   0.000847605   0.000813399   0.000836552   0.000797056   0.000719361   0.000670733   0.000536872   2.16644e-12   0.000350584   0.000102563   -0.00021278   -0.00071762   -0.00107851   -0.00160759   -0.00230482   -0.00305821   -0.00397374   -0.00522675   2.16644e-12   2.16644e-12   0.0093887   0.0100392   0.0104118   -1.22322e-05   6.48642e-06   1.89243e-06   1.89243e-06   -0.00151412   -0.00416234   0.00140329   0.0015109   -0.00395722   0.0019645   0.00215561   0.00249953   -0.00283235   0.00320228   1.89243e-06   0.00352328   -0.00158177   6.34965e-05   -5.13684e-05   -1.03945e-05   0.00220607   1   0.00747982   0.00330773   0.00912184   1.89243e-06   1.89243e-06   -0.000250204   
0.0673415   -0.0891984   -0.00811896   -0.0111207   5.90137e-06   2.69168e-07   -1.51196e-06   2.03037e-12   2.03037e-12   0.00298874   0.000812358   0.000923497   0.000936658   0.000887717   0.000908902   0.000848668   0.000740904   0.000671366   0.000496891   2.03037e-12   0.000255348   -5.79881e-05   -0.000457986   -0.00108964   -0.00155146   -0.00222011   -0.00309978   -0.00404836   -0.00518374   -0.00673798   2.03037e-12   2.03037e-12   0.0105779   0.0111178   0.0113183   -1.29865e-05   7.65354e-06   1.67775e-06   1.67775e-06   -0.000958168   -0.00406972   0.00163077   0.0017704   -0.00383195   0.00230072   0.00252327   0.00292435   -0.00251654   0.00374312   1.67775e-06   0.00411609   0.00460711   0.00652395   0.000744358   0.000742917   1   0.00220607   0.00989788   0.0101004   0.010376   1.67775e-06   1.67775e-06   -0.000234489   
0.0487563   -0.0628741   -0.0060618   -0.00829949   4.38172e-06   2.3175e-07   -1.07079e-06   1.96917e-12   1.96917e-12   0.00205207   0.000545343   0.000619784   0.000625626   0.00058648   0.00059807   0.000548215   0.00046353   0.000407926   0.000275999   1.96917e-12   9.39561e-05   -0.000138091   -0.000435137   -0.000899823   -0.00124483   -0.00174017   -0.00239102   -0.00309191   -0.00392198   -0.00505845   1.96917e-12   1.96917e-12   0.00718297   0.0074398   0.00745116   -8.36922e-06   5.39702e-06   2.18279e-06   2.18279e-06   -0.00217497   -0.00436031   0.0011683   0.00124094   -0.00419415   0.00161201   0.00176726   0.00204734   -0.00327803   0.00261869   2.18279e-06   0.00287838   -0.00227852   -0.000950723   -0.00103598   1   0.000742917   -1.03945e-05   0.00575521   0.0014904   0.00710201   2.18279e-06   2.18279e-06   -0.000227421   
0.0503156   -0.0636109   -0.00639266   -0.00874996   4.60348e-06   2.66614e-07   -1.0872e-06   2.27999e-12   2.27999e-12   0.00203423   0.000530825   0.00060315   0.000606426   0.000563256   0.000572421   0.00051631   0.000423944   0.000362638   0.000222307   2.27999e-12   2.90983e-05   -0.000214242   -0.000526344   -0.00101138   -0.00137538   -0.00189493   -0.00257701   -0.00331084   -0.00417346   -0.00535462   2.27999e-12   2.27999e-12   0.00705769   0.00722266   0.00713454   -7.86523e-06   5.46145e-06   2.19787e-06   2.19787e-06   -0.00218616   -0.00439121   0.00117693   0.00125014   -0.00422475   0.00162344   0.00177927   0.00206061   -0.00330374   0.00263422   2.19787e-06   0.0028945   -0.00226937   -0.000939292   1   -0.00103598   0.000744358   -5.13684e-05   0.00684625   0.00697276   0.00702282   2.19787e-06   2.19787e-06   -0.000263317   
0.0524327   -0.065961   -0.00669675   -0.00916555   4.81837e-06   2.84792e-07   -1.12838e-06   2.2987e-12   2.2987e-12   0.00209843   0.00054497   0.000619187   0.000621893   0.000576196   0.000585032   0.000525366   0.00042784   0.000362947   0.000215637   2.2987e-12   1.29323e-05   -0.00024164   -0.000568299   -0.00107515   -0.0014565   -0.00200005   -0.00271351   -0.00348091   -0.00438136   -0.00561437   2.2987e-12   2.2987e-12   0.00726367   0.00740993   0.00729252   -7.9979e-06   5.66295e-06   2.19087e-06   2.19087e-06   -0.00213523   -0.00442022   0.00121694   0.00129492   -0.0042481   0.00168147   0.00184273   0.00213393   -0.0032943   0.00272758   2.19087e-06   0.00299683   0.00340705   1   -0.000939292   -0.000950723   0.00652395   6.34965e-05   0.00707325   0.00719445   0.00723982   2.19087e-06   2.19087e-06   -0.000265478   
0.0375358   -0.0463869   -0.00488379   -0.00668261   3.50335e-06   2.21705e-07   -7.96124e-07   1.54493e-12   1.54493e-12   0.00144761   0.000369222   0.000419411   0.000419544   0.000385015   0.000389513   0.000343749   0.000270678   0.000221651   0.000113453   1.54493e-12   -3.51534e-05   -0.000219935   -0.000457423   -0.000823869   -0.00110207   -0.00149667   -0.00201425   -0.00257051   -0.00321906   -0.00410721   1.54493e-12   1.54493e-12   0.00496762   0.00500684   0.00485745   -5.21962e-06   3.98216e-06   2.60582e-06   2.60582e-06   -0.00309748   -0.00470017   0.000879276   0.000907059   -0.00457948   0.00117749   0.00129005   0.00149349   -0.00391632   0.00190799   2.60582e-06   0.0020957   1   0.00340705   -0.00226937   -0.00227852   0.00460711   -0.00158177   0.00492053   0.0050313   0.00498242   2.60582e-06   2.60582e-06   -0.000178425   
0.0356055   -0.0436205   -0.00467385   -0.00639464   3.35074e-06   2.17731e-07   -7.49873e-07   1.35418e-14   1.35418e-14   0.00134815   0.000340651   0.000386921   0.000386204   0.000352612   0.000356053   0.000311248   0.000240447   0.000192748   8.88441e-05   1.35418e-14   -5.37002e-05   -0.000230156   -0.000457113   -0.000806366   -0.00107265   -0.00144944   -0.0019436   -0.00247441   -0.00309141   -0.00393641   1.35418e-14   1.35418e-14   0.0046057   0.00461287   0.00444121   -4.71412e-06   3.73878e-06   -9.21143e-07   -9.21143e-07   0.00213555   0.000629501   0.000740805   0.000866663   0.000740119   0.00110492   0.00674656   0.00143186   0.00137343   0.00206747   -9.21143e-07   1   0.0020957   0.00299683   0.0028945   0.00287838   0.00411609   0.00352328   0.00456355   0.00452641   0.00463436   -9.21143e-07   -9.21143e-07   -1.56395e-06   
-1.75786e-05   2.07119e-05   2.39595e-06   3.27651e-06   -1.70505e-09   -1.25748e-10   3.58671e-10   -1.14337e-15   -1.14337e-15   -6.11654e-07   -1.47532e-07   -1.67465e-07   -1.65343e-07   -1.46972e-07   -1.46856e-07   -1.21722e-07   -8.35523e-08   -5.74776e-08   -3.48564e-09   -1.14337e-15   7.03562e-08   1.59966e-07   2.75595e-07   4.5157e-07   5.88165e-07   7.79617e-07   1.03027e-06   1.29914e-06   1.60763e-06   2.03019e-06   -1.14337e-15   -1.14337e-15   -2.04449e-06   -1.98339e-06   -1.83413e-06   1.83245e-09   -1.7799e-09   1.47198e-07   1.47198e-07   -0.000220781   -0.000220035   3.32954e-06   -4.00572e-07   3.18563e-06   -5.19576e-07   -5.68808e-07   -6.5797e-07   -0.000220784   -8.39368e-07   1   -9.21143e-07   2.60582e-06   2.19087e-06   2.19787e-06   2.18279e-06   1.67775e-06   1.89243e-06   -1.38361e-06   1.51601e-06   -2.09008e-06   1.47198e-07   1.47198e-07   1.32048e-07   
0.0326609   -0.0397913   -0.00431114   -0.00589798   3.08787e-06   2.04487e-07   -6.84754e-07   3.13284e-14   3.13284e-14   0.00122213   0.000306918   0.000348579   0.000347442   0.000316146   0.000318816   0.000276906   0.000211095   0.000166658   7.06186e-05   3.13284e-14   -6.10663e-05   -0.000223603   -0.000432756   -0.000754081   -0.000999722   -0.00134681   -0.00180191   -0.00229066   -0.00285768   -0.00363424   3.13284e-14   3.13284e-14   0.00416303   0.0041522   0.00397736   -4.1899e-06   3.41066e-06   -8.39368e-07   -8.39368e-07   0.00194645   0.000573695   0.000674916   0.000914704   0.000674303   0.00100656   0.0013829   0.0015548   0.00125094   1   -8.39368e-07   0.00206747   0.00190799   0.00272758   0.00263422   0.00261869   0.00374312   0.00320228   0.0041454   0.00410701   0.00419779   -8.39368e-07   -8.39368e-07   -3.61813e-06   
0.0253722   -0.0306306   -0.00337892   -0.00462208   2.41219e-06   1.66048e-07   -5.27981e-07   2.30754e-12   2.30754e-12   0.000931089   0.00023142   0.000262784   0.000261322   0.000236413   0.000237856   0.000204272   0.000152052   0.000116695   4.11928e-05   2.30754e-12   -6.23094e-05   -0.000189401   -0.000353075   -0.000603891   -0.000796448   -0.00106795   -0.00142368   -0.00180566   -0.00224745   -0.00285252   2.30754e-12   2.30754e-12   0.00315619   0.00312587   0.00296817   -3.09402e-06   2.63481e-06   -0.000220784   -0.000220784   -0.00377604   -0.0048306   -0.0049985   0.000595797   -0.00478267   0.000773123   0.000846727   0.000979864   1   0.00125094   -0.000220784   0.00137343   -0.00391632   -0.0032943   -0.00330374   -0.00327803   -0.00251654   -0.00283235   0.00209172   -0.00224124   0.00319383   -0.000220784   -0.000220784   -0.0002665   
0.025883   -0.0312474   -0.00344719   -0.00471549   2.46421e-06   1.68525e-07   -5.38635e-07   6.69856e-13   6.69856e-13   0.000949773   0.000236052   0.000268054   0.000266542   0.000241121   0.000242604   0.000208344   0.000155073   0.000118983   4.19403e-05   6.69856e-13   -6.36252e-05   -0.000193295   -0.000360286   -0.00061616   -0.000812607   -0.00108956   -0.00145253   -0.00184221   -0.0022929   -0.00291018   6.69856e-13   6.69856e-13   0.00321942   0.00318838   0.00302742   -3.14938e-06   2.68096e-06   -6.5797e-07   -6.5797e-07   0.00152643   0.000449815   0.000528901   0.000623198   0.000528432   0.000788664   0.00641366   1   0.000979864   0.0015548   -6.5797e-07   0.00143186   0.00149349   0.00213393   0.00206061   0.00204734   0.00292435   0.00249953   0.00323258   0.00319659   0.00325789   -6.5797e-07   -6.5797e-07   -7.73621e-05   
0.0225124   -0.0270401   -0.00301309   -0.00412141   2.15159e-06   1.49696e-07   -4.66555e-07   8.84405e-13   8.84405e-13   0.000817053   0.000201853   0.000229199   0.000227589   0.00020518   0.000206165   0.000175861   0.000128988   9.71758e-05   2.97161e-05   8.84405e-13   -6.26846e-05   -0.000175885   -0.000321728   -0.000544874   -0.000716598   -0.000958393   -0.00127521   -0.00161528   -0.00200794   -0.00254573   8.84405e-13   8.84405e-13   0.00276175   0.00272392   0.00257312   -2.65675e-06   2.32123e-06   -5.68808e-07   -5.68808e-07   0.00131989   0.000388911   0.000457153   0.0032959   0.000456753   0.000681617   1   0.00641366   0.000846727   0.0013829   -5.68808e-07   0.00674656   0.00129005   0.00184273   0.00177927   0.00176726   0.00252327   0.00215561   0.00278627   0.00275228   0.00280047   -5.68808e-07   -5.68808e-07   -0.00010214   
0.0206836   -0.0247242   -0.00278124   -0.00380407   1.98573e-06   1.39783e-07   -4.26994e-07   2.09087e-13   2.09087e-13   0.000742841   0.000182452   0.000207159   0.000205414   0.000184562   0.000185209   0.000156931   0.0001134   8.37964e-05   2.14172e-05   2.09087e-13   -6.39701e-05   -0.000168344   -0.000302868   -0.000508405   -0.000666928   -0.000889856   -0.00118195   -0.00149538   -0.0018567   -0.0023516   2.09087e-13   2.09087e-13   0.00250404   0.00245987   0.00231194   -2.3661e-06   2.11998e-06   -5.19576e-07   -5.19576e-07   0.00120592   0.00035529   0.000417514   0.000479785   0.000417157   1   0.000681617   0.000788664   0.000773123   0.00100656   -5.19576e-07   0.00110492   0.00117749   0.00168147   0.00162344   0.00161201   0.00230072   0.0019645   0.00253795   0.00250438   0.0025442   -5.19576e-07   -5.19576e-07   -2.41476e-05   
0.0139574   -0.0165917   -0.00188661   -0.00258025   1.34416e-06   9.67534e-08   -2.86833e-07   1.00765e-12   1.00765e-12   0.000495253   0.000120817   0.000137159   0.000135793   0.000121526   0.000121754   0.000102334   7.25989e-05   5.23483e-05   9.96142e-06   1.00765e-12   -4.80562e-05   -0.000118759   -0.000209929   -0.00034902   -0.000456562   -0.000607614   -0.000805429   -0.0010177   -0.00126195   -0.0015965   1.00765e-12   1.00765e-12   0.00166416   0.00162716   0.00152014   -1.54421e-06   1.4262e-06   3.18563e-06   3.18563e-06   -0.00448331   -0.00505285   0.000368401   0.000321562   1   0.000417157   0.000456753   0.000528432   -0.00478267   0.000674303   3.18563e-06   0.000740119   -0.00457948   -0.0042481   -0.00422475   -0.00419415   -0.00383195   -0.00395722   0.000620984   -0.00369133   0.00169476   3.18563e-06   3.18563e-06   -0.000116374   
0.0160421   -0.0190804   -0.00216738   -0.00296428   1.54608e-06   1.10516e-07   -3.29836e-07   2.61478e-13   2.61478e-13   0.000569887   0.000139114   0.000157938   0.000156379   0.000139999   0.000140291   0.000118009   8.38737e-05   6.06203e-05   1.19264e-05   2.61478e-13   -5.47013e-05   -0.000135943   -0.000240694   -0.00040052   -0.000524064   -0.000697596   -0.000924916   -0.0011688   -0.00144949   -0.00183396   2.61478e-13   2.61478e-13   0.00191551   0.00187376   0.00175154   -1.7776e-06   1.63646e-06   -4.00572e-07   -4.00572e-07   0.000929933   0.000273949   0.000321832   1   0.000321562   0.000479785   0.0032959   0.000623198   0.000595797   0.000914704   -4.00572e-07   0.000866663   0.000907059   0.00129492   0.00125014   0.00124094   0.0017704   0.0015109   0.00195087   0.00192298   0.00195031   -4.00572e-07   -4.00572e-07   -3.01982e-05   
0.0139542   -0.0166021   -0.0018846   -0.00257752   1.34241e-06   9.65565e-08   -2.86962e-07   1.26306e-12   1.26306e-12   0.000496083   0.000121151   0.000137539   0.000136207   0.000121976   0.000122234   0.00010287   7.31977e-05   5.29989e-05   1.06719e-05   1.26306e-12   -4.72756e-05   -0.000117916   -0.000208999   -0.000347996   -0.000455421   -0.000606347   -0.000803988   -0.00101609   -0.00126021   -0.00159459   1.26306e-12   1.26306e-12   0.0016678   0.00163194   0.00152608   -1.55355e-06   1.42814e-06   3.32954e-06   3.32954e-06   -0.00469861   -0.00526856   1   0.000321832   0.000368401   0.000417514   0.000457153   0.000528901   -0.0049985   0.000674916   3.32954e-06   0.000740805   0.000879276   0.00121694   0.00117693   0.0011683   0.00163077   0.00140329   0.00171598   0.00176365   0.00169784   3.32954e-06   3.32954e-06   -0.000145872   
0.0121279   -0.0141885   -0.00166384   -0.00227516   1.18215e-06   8.91053e-08   -2.46036e-07   1.14114e-12   1.14114e-12   0.000415385   9.9256e-05   0.00011265   0.000110971   9.80794e-05   9.7775e-05   8.00648e-05   5.33361e-05   3.50391e-05   -2.5391e-06   1.14114e-12   -5.39123e-05   -0.000116039   -0.000196251   -0.000318095   -0.000412963   -0.000545718   -0.000719461   -0.000905792   -0.0011191   -0.00141129   1.14114e-12   1.14114e-12   0.00138244   0.00133236   0.00122149   -1.2044e-06   1.22077e-06   -0.000220035   -0.000220035   -0.00457305   1   -0.00526856   0.000273949   -0.00505285   0.00035529   0.000388911   0.000449815   -0.0048306   0.000573695   -0.000220035   0.000629501   -0.00470017   -0.00442022   -0.00439121   -0.00436031   -0.00406972   -0.00416234   0.00035627   -0.0039593   0.00141774   -0.000220035   -0.000220035   -0.000131791   
0.0414772   -0.0482344   -0.00572177   -0.00782351   4.06548e-06   3.09994e-07   -8.37406e-07   2.02561e-12   2.02561e-12   0.00140153   0.000332146   0.000376936   0.000370545   0.000325812   0.000324148   0.000262518   0.000169974   0.000106481   -2.30116e-05   2.02561e-12   -0.0001999   -0.000413277   -0.00068889   -0.00110685   -0.00143312   -0.00188903   -0.00248569   -0.00312534   -0.00385624   -0.00485745   2.02561e-12   2.02561e-12   0.00464672   0.00445256   0.00405053   -3.93539e-06   4.14248e-06   -0.000220781   -0.000220781   1   -0.00457305   -0.00469861   0.000929933   -0.00448331   0.00120592   0.00131989   0.00152643   -0.00377604   0.00194645   -0.000220781   0.00213555   -0.00309748   -0.00213523   -0.00218616   -0.00217497   -0.000958168   -0.00151412   0.00376686   -0.00061722   0.00477864   -0.000220781   -0.000220781   -0.000233938   
-1.75786e-05   2.07119e-05   2.39595e-06   3.27651e-06   -1.70505e-09   -1.25748e-10   3.58671e-10   -1.14337e-15   -1.14337e-15   -6.11654e-07   -1.47532e-07   -1.67465e-07   -1.65343e-07   -1.46972e-07   -1.46856e-07   -1.21722e-07   -8.35523e-08   -5.74776e-08   -3.48564e-09   -1.14337e-15   7.03562e-08   1.59966e-07   2.75595e-07   4.5157e-07   5.88165e-07   7.79617e-07   1.03027e-06   1.29914e-06   1.60763e-06   2.03019e-06   -1.14337e-15   -1.14337e-15   -2.04449e-06   -1.98339e-06   -1.83413e-06   1.83245e-09   -1.7799e-09   1.47198e-07   1   -0.000220781   -0.000220035   3.32954e-06   -4.00572e-07   3.18563e-06   -5.19576e-07   -5.68808e-07   -6.5797e-07   -0.000220784   -8.39368e-07   1.47198e-07   -9.21143e-07   2.60582e-06   2.19087e-06   2.19787e-06   2.18279e-06   1.67775e-06   1.89243e-06   -1.38361e-06   1.51601e-06   -2.09008e-06   1.47198e-07   1.47198e-07   1.32048e-07   
-1.75786e-05   2.07119e-05   2.39595e-06   3.27651e-06   -1.70505e-09   -1.25748e-10   3.58671e-10   -1.14337e-15   -1.14337e-15   -6.11654e-07   -1.47532e-07   -1.67465e-07   -1.65343e-07   -1.46972e-07   -1.46856e-07   -1.21722e-07   -8.35523e-08   -5.74776e-08   -3.48564e-09   -1.14337e-15   7.03562e-08   1.59966e-07   2.75595e-07   4.5157e-07   5.88165e-07   7.79617e-07   1.03027e-06   1.29914e-06   1.60763e-06   2.03019e-06   -1.14337e-15   -1.14337e-15   -2.04449e-06   -1.98339e-06   -1.83413e-06   1.83245e-09   -1.7799e-09   1   1.47198e-07   -0.000220781   -0.000220035   3.32954e-06   -4.00572e-07   3.18563e-06   -5.19576e-07   -5.68808e-07   -6.5797e-07   -0.000220784   -8.39368e-07   1.47198e-07   -9.21143e-07   2.60582e-06   2.19087e-06   2.19787e-06   2.18279e-06   1.67775e-06   1.89243e-06   -1.38361e-06   1.51601e-06   -2.09008e-06   1.47198e-07   1.47198e-07   1.32048e-07   
7.6991e-05   -8.56245e-05   -1.09958e-05   -1.50252e-05   7.17986e-09   8.13998e-10   -1.49541e-09   3.05155e-13   3.05155e-13   2.35708e-06   5.23668e-07   5.91783e-07   5.75268e-07   4.85642e-07   4.71851e-07   3.43287e-07   1.56393e-07   3.01975e-08   -2.19294e-07   3.05155e-13   -5.6764e-07   -9.71999e-07   -1.49677e-06   -2.28789e-06   -2.91553e-06   -3.79118e-06   -4.91544e-06   -6.13378e-06   -7.50682e-06   -9.38716e-06   3.05155e-13   3.05155e-13   7.59556e-06   6.94755e-06   5.91252e-06   -6.1813e-09   1   -1.7799e-09   -1.7799e-09   4.14248e-06   1.22077e-06   1.42814e-06   1.63646e-06   1.4262e-06   2.11998e-06   2.32123e-06   2.68096e-06   2.63481e-06   3.41066e-06   -1.7799e-09   3.73878e-06   3.98216e-06   5.66295e-06   5.46145e-06   5.39702e-06   7.65354e-06   6.48642e-06   8.30053e-06   8.05797e-06   7.97612e-06   -1.7799e-09   -1.7799e-09   -3.52426e-05   
6.67552e-05   5.89965e-05   -2.39473e-05   -3.25019e-05   1.59221e-08   3.2866e-09   5.60283e-10   -2.74709e-13   -2.74709e-13   -6.70727e-06   -2.898e-06   -3.3069e-06   -3.61628e-06   -3.98743e-06   -4.28783e-06   -4.88701e-06   -5.56937e-06   -6.0962e-06   -6.75715e-06   -2.74709e-13   -7.61124e-06   -8.37358e-06   -9.41686e-06   -1.06802e-05   -1.20599e-05   -1.36879e-05   -1.5781e-05   -1.79405e-05   -1.97625e-05   -2.22727e-05   -2.74709e-13   -2.74709e-13   -3.06534e-05   -4.17175e-05   -5.30894e-05   1   -6.1813e-09   1.83245e-09   1.83245e-09   -3.93539e-06   -1.2044e-06   -1.55355e-06   -1.7776e-06   -1.54421e-06   -2.3661e-06   -2.65675e-06   -3.14938e-06   -3.09402e-06   -4.1899e-06   1.83245e-09   -4.71412e-06   -5.21962e-06   -7.9979e-06   -7.86523e-06   -8.36922e-06   -1.29865e-05   -1.22322e-05   -1.73429e-05   -2.01631e-05   -2.52054e-05   1.83245e-09   1.83245e-09   3.17263e-05   
-0.0184137   -0.068999   0.0122656   0.0166093   -7.63493e-06   -2.07651e-06   -8.93488e-07   -3.42882e-13   -3.42882e-13   0.0053019   0.00212087   0.00242002   0.00261847   0.00283513   0.00303418   0.00339232   0.0037863   0.00409324   0.00444792   -3.42882e-13   0.00490544   0.0052752   0.00579204   0.00636751   0.00707639   0.00787286   0.00887802   0.00990903   0.0106595   0.0116964   -3.42882e-13   -3.42882e-13   0.0231345   0.0303237   1   -5.30894e-05   5.91252e-06   -1.83413e-06   -1.83413e-06   0.00405053   0.00122149   0.00152608   0.00175154   0.00152014   0.00231194   0.00257312   0.00302742   0.00296817   0.00397736   -1.83413e-06   0.00444121   0.00485745   0.00729252   0.00713454   0.00745116   0.0113183   0.0104118   0.0144655   0.0162693   0.0196196   -1.83413e-06   -1.83413e-06   3.95996e-05   
0.0121624   -0.0810257   0.00551641   0.00742314   -3.11996e-06   -1.34354e-06   -1.18152e-06   6.87413e-13   6.87413e-13   0.00479326   0.00177536   0.0020245   0.00216732   0.00229978   0.002446   0.00267262   0.00290653   0.00309411   0.00327598   6.87413e-13   0.00350448   0.00364535   0.00385635   0.00402222   0.00434379   0.00464956   0.00502219   0.00538725   0.00548805   0.00563272   6.87413e-13   6.87413e-13   0.020002   1   0.0303237   -4.17175e-05   6.94755e-06   -1.98339e-06   -1.98339e-06   0.00445256   0.00133236   0.00163194   0.00187376   0.00162716   0.00245987   0.00272392   0.00318838   0.00312587   0.0041522   -1.98339e-06   0.00461287   0.00500684   0.00740993   0.00722266   0.0074398   0.0111178   0.0100392   0.0137109   0.0149871   0.0174839   -1.98339e-06   -1.98339e-06   -7.93897e-05   
0.0377756   -0.0885677   -0.000409745   -0.000640073   8.26424e-07   -6.75463e-07   -1.38736e-06   1.0738e-12   1.0738e-12   0.00420122   0.00142239   0.0016207   0.00171144   0.00176785   0.00186425   0.00197143   0.00206138   0.00214116   0.00216994   1.0738e-12   0.00219597   0.0021374   0.00208114   0.00189298   0.00187429   0.00175238   0.00157439   0.00136065   0.000905295   0.000285917   1.0738e-12   1.0738e-12   1   0.020002   0.0231345   -3.06534e-05   7.59556e-06   -2.04449e-06   -2.04449e-06   0.00464672   0.00138244   0.0016678   0.00191551   0.00166416   0.00250404   0.00276175   0.00321942   0.00315619   0.00416303   -2.04449e-06   0.0046057   0.00496762   0.00726367   0.00705769   0.00718297   0.0105779   0.0093887   0.0126132   0.0133981   0.0150859   -2.04449e-06   -2.04449e-06   -0.000124014   
3.7458e-11   2.09457e-11   -7.72541e-13   -2.76871e-13   -1.46052e-13   4.01525e-14   1.21418e-15   7.49734e-17   7.49734e-17   -5.59101e-14   -2.19623e-14   -5.15126e-13   2.85868e-13   5.82273e-13   -8.98857e-14   -3.47015e-13   -6.45644e-13   2.18669e-14   6.19977e-13   7.49734e-17   -7.09058e-13   -2.00212e-13   2.36378e-13   -2.99775e-14   -1.3387e-13   -1.89217e-12   8.46184e-13   5.7869e-14   -3.8703e-13   -7.78032e-13   7.49734e-17   1   1.0738e-12   6.87413e-13   -3.42882e-13   -2.74709e-13   3.05155e-13   -1.14337e-15   -1.14337e-15   2.02561e-12   1.14114e-12   1.26306e-12   2.61478e-13   1.00765e-12   2.09087e-13   8.84405e-13   6.69856e-13   2.30754e-12   3.13284e-14   -1.14337e-15   1.35418e-14   1.54493e-12   2.2987e-12   2.27999e-12   1.96917e-12   2.03037e-12   2.16644e-12   1.29134e-13   5.75765e-13   2.38988e-13   -1.14337e-15   -1.14337e-15   -8.65872e-09   
3.7458e-11   2.09457e-11   -7.72541e-13   -2.76871e-13   -1.46052e-13   4.01525e-14   1.21418e-15   7.49734e-17   7.49734e-17   -5.59101e-14   -2.19623e-14   -5.15126e-13   2.85868e-13   5.82273e-13   -8.98857e-14   -3.47015e-13   -6.45644e-13   2.18669e-14   6.19977e-13   7.49734e-17   -7.09058e-13   -2.00212e-13   2.36378e-13   -2.99775e-14   -1.3387e-13   -1.89217e-12   8.46184e-13   5.7869e-14   -3.8703e-13   -7.78032e-13   1   7.49734e-17   1.0738e-12   6.87413e-13   -3.42882e-13   -2.74709e-13   3.05155e-13   -1.14337e-15   -1.14337e-15   2.02561e-12   1.14114e-12   1.26306e-12   2.61478e-13   1.00765e-12   2.09087e-13   8.84405e-13   6.69856e-13   2.30754e-12   3.13284e-14   -1.14337e-15   1.35418e-14   1.54493e-12   2.2987e-12   2.27999e-12   1.96917e-12   2.03037e-12   2.16644e-12   1.29134e-13   5.75765e-13   2.38988e-13   -1.14337e-15   -1.14337e-15   -8.65872e-09   
-0.145226   0.109485   0.0264243   0.0360244   -1.80771e-05   -2.35617e-06   2.10087e-06   -7.78032e-13   -7.78032e-13   -0.00101492   0.000327418   0.000380174   0.000531138   0.000817098   0.000953171   0.00138628   0.00194216   0.00234768   0.00299641   -7.78032e-13   0.00386468   0.00479255   0.00601681   0.00773644   0.00924944   0.0112359   0.0138117   0.0165422   0.0193812   1   -7.78032e-13   -7.78032e-13   0.000285917   0.00563272   0.0116964   -2.22727e-05   -9.38716e-06   2.03019e-06   2.03019e-06   -0.00485745   -0.00141129   -0.00159459   -0.00183396   -0.0015965   -0.0023516   -0.00254573   -0.00291018   -0.00285252   -0.00363424   2.03019e-06   -0.00393641   -0.00410721   -0.00561437   -0.00535462   -0.00505845   -0.00673798   -0.00522675   -0.00603779   -0.00455246   -0.00244701   2.03019e-06   2.03019e-06   8.98553e-05   
-0.119341   0.0875651   0.0219732   0.0299529   -1.50107e-05   -1.98767e-06   1.69276e-06   -3.8703e-13   -3.8703e-13   -0.000676424   0.000329405   0.000381244   0.000510506   0.000750734   0.000867826   0.00123254   0.00169873   0.00203939   0.00258039   -3.8703e-13   0.00330398   0.00407379   0.00509034   0.00651383   0.00777216   0.00942039   0.0115568   0.0138204   1   0.0193812   -3.8703e-13   -3.8703e-13   0.000905295   0.00548805   0.0106595   -1.97625e-05   -7.50682e-06   1.60763e-06   1.60763e-06   -0.00385624   -0.0011191   -0.00126021   -0.00144949   -0.00126195   -0.0018567   -0.00200794   -0.0022929   -0.00224745   -0.00285768   1.60763e-06   -0.00309141   -0.00321906   -0.00438136   -0.00417346   -0.00392198   -0.00518374   -0.00397374   -0.0045196   -0.00325213   -0.00143247   1.60763e-06   1.60763e-06   4.46983e-05   
-0.100464   0.0715669   0.0187286   0.0255271   -1.27755e-05   -1.71912e-06   1.39495e-06   5.7869e-14   5.7869e-14   -0.000428708   0.000331183   0.000382398   0.000495865   0.000702771   0.000806049   0.00112093   0.00152176   0.00181516   0.00227766   5.7869e-14   0.00289579   0.00355036   0.00441549   0.00562309   0.00669577   0.00809739   0.00991345   1   0.0138204   0.0165422   5.7869e-14   5.7869e-14   0.00136065   0.00538725   0.00990903   -1.79405e-05   -6.13378e-06   1.29914e-06   1.29914e-06   -0.00312534   -0.000905792   -0.00101609   -0.0011688   -0.0010177   -0.00149538   -0.00161528   -0.00184221   -0.00180566   -0.00229066   1.29914e-06   -0.00247441   -0.00257051   -0.00348091   -0.00331084   -0.00309191   -0.00404836   -0.00305821   -0.00341002   -0.00230118   -0.000689444   1.29914e-06   1.29914e-06   -6.68333e-06   
-0.0828406   0.0573899   0.0156179   0.0212851   -1.06407e-05   -1.45195e-06   1.12755e-06   8.46184e-13   8.46184e-13   -0.000247142   0.000313815   0.00036177   0.000458853   0.000633001   0.000721717   0.000987299   0.00132415   0.00157109   0.00195781   8.46184e-13   0.0024743   0.003019   0.00373945   0.00474222   0.00563686   0.00680327   1   0.00991345   0.0115568   0.0138117   8.46184e-13   8.46184e-13   0.00157439   0.00502219   0.00887802   -1.5781e-05   -4.91544e-06   1.03027e-06   1.03027e-06   -0.00248569   -0.000719461   -0.000803988   -0.000924916   -0.000805429   -0.00118195   -0.00127521   -0.00145253   -0.00142368   -0.00180191   1.03027e-06   -0.0019436   -0.00201425   -0.00271351   -0.00257701   -0.00239102   -0.00309978   -0.00230482   -0.00251353   -0.00156755   -0.00017815   1.03027e-06   1.03027e-06   -9.77262e-05   
-0.0662732   0.0441422   0.0126845   0.017285   -8.62155e-06   -1.20087e-06   0.00011232   -1.89217e-12   -1.89217e-12   0.0026986   0.000433957   0.00312278   0.00319068   0.000564668   0.000639542   0.000858486   0.00392782   0.00133786   0.00165302   -1.89217e-12   0.00486206   0.00251479   0.00309885   0.00390869   0.00519609   1   0.00680327   0.00809739   0.00942039   0.0112359   -1.89217e-12   -1.89217e-12   0.00175238   0.00464956   0.00787286   -1.36879e-05   -3.79118e-06   7.79617e-07   7.79617e-07   -0.00188903   -0.000545718   -0.000606347   -0.000697596   -0.000607614   -0.000889856   -0.000958393   -0.00108956   -0.00106795   -0.00134681   7.79617e-07   -0.00144944   -0.00149667   -0.00200005   -0.00189493   -0.00174017   -0.00222011   -0.00160759   -0.00168578   -0.000894543   0.000282775   7.79617e-07   7.79617e-07   0.000218528   
-0.053531   0.0340097   0.0104229   0.014201   -7.07284e-06   -1.00455e-06   2.29914e-05   -1.3387e-13   -1.3387e-13   0.000598289   0.000307656   0.000878748   0.000945412   0.000510372   0.00057445   0.000757318   0.00154601   0.00115604   0.00141603   -1.3387e-13   0.00232079   0.00212401   0.00260297   0.00326421   1   0.00519609   0.00563686   0.00669577   0.00777216   0.00924944   -1.3387e-13   -1.3387e-13   0.00187429   0.00434379   0.00707639   -1.20599e-05   -2.91553e-06   5.88165e-07   5.88165e-07   -0.00143312   -0.000412963   -0.000455421   -0.000524064   -0.000456562   -0.000666928   -0.000716598   -0.000812607   -0.000796448   -0.000999722   5.88165e-07   -0.00107265   -0.00110207   -0.0014565   -0.00137538   -0.00124483   -0.00155146   -0.00107851   -0.00105915   -0.000387933   0.000624273   5.88165e-07   5.88165e-07   1.54607e-05   
-0.0440026   0.0266919   0.00870361   0.0118569   -5.89555e-06   -8.52814e-07   5.45852e-07   -2.99775e-14   -2.99775e-14   0.000117168   0.000261817   0.000300672   0.000360437   0.000461191   -3.18421e-05   0.000671578   0.000865305   0.00100816   0.000678046   -2.99775e-14   0.00151627   0.00126931   0.00166792   1   0.00326421   0.00390869   0.00474222   0.00562309   0.00651383   0.00773644   -2.99775e-14   -2.99775e-14   0.00189298   0.00402222   0.00636751   -1.06802e-05   -2.28789e-06   4.5157e-07   4.5157e-07   -0.00110685   -0.000318095   -0.000347996   -0.00040052   -0.00034902   -0.000508405   -0.000544874   -0.00061616   -0.000603891   -0.000754081   4.5157e-07   -0.000806366   -0.000823869   -0.00107515   -0.00101138   -0.000899823   -0.00108964   -0.00071762   -0.000638309   -6.19276e-05   0.000817136   4.5157e-07   4.5157e-07   3.46212e-06   
-0.0327766   0.0174744   0.00674217   0.00918184   -4.54724e-06   -6.86754e-07   3.72901e-07   2.36378e-13   2.36378e-13   0.000245054   0.000255435   0.000292873   0.000342603   0.000422895   -0.00228796   0.000593697   0.000747399   0.000861234   -0.00172351   2.36378e-13   0.00125773   -0.00126498   1   0.00166792   0.00260297   0.00309885   0.00373945   0.00441549   0.00509034   0.00601681   2.36378e-13   2.36378e-13   0.00208114   0.00385635   0.00579204   -9.41686e-06   -1.49677e-06   2.75595e-07   2.75595e-07   -0.00068889   -0.000196251   -0.000208999   -0.000240694   -0.000209929   -0.000302868   -0.000321728   -0.000360286   -0.000353075   -0.000432756   2.75595e-07   -0.000457113   -0.000457423   -0.000568299   -0.000526344   -0.000435137   -0.000457986   -0.00021278   -3.29454e-05   0.000443327   0.00118771   2.75595e-07   2.75595e-07   -2.72994e-05   
-0.0249691   0.011331   0.00534918   0.00728242   -3.591e-06   -5.65849e-07   2.56347e-07   -2.00212e-13   -2.00212e-13   0.000316465   0.000244282   0.000279794   0.000321959   0.000387435   -0.00232709   0.000529146   0.000653967   0.000746789   -0.00186891   -2.00212e-13   0.00106365   1   -0.00126498   0.00126931   0.00212401   0.00251479   0.003019   0.00355036   0.00407379   0.00479255   -2.00212e-13   -2.00212e-13   0.0021374   0.00364535   0.0052752   -8.37358e-06   -9.71999e-07   1.59966e-07   1.59966e-07   -0.000413277   -0.000116039   -0.000117916   -0.000135943   -0.000118759   -0.000168344   -0.000175885   -0.000193295   -0.000189401   -0.000223603   1.59966e-07   -0.000230156   -0.000219935   -0.00024164   -0.000214242   -0.000138091   -5.79881e-05   0.000102563   0.000338907   0.000740333   0.00138108   1.59966e-07   1.59966e-07   2.31226e-05   
-0.019014   0.00658891   0.00429273   0.00584181   -2.86491e-06   -4.74928e-07   1.10714e-06   -7.09058e-13   -7.09058e-13   0.000390426   0.000237588   0.00305676   0.000316014   0.000362236   0.000397046   0.00048209   0.003373   0.000662068   0.000772457   -7.09058e-13   1   0.00106365   0.00125773   0.00151627   0.00232079   0.00486206   0.0024743   0.00289579   0.00330398   0.00386468   -7.09058e-13   -7.09058e-13   0.00219597   0.00350448   0.00490544   -7.61124e-06   -5.6764e-07   7.03562e-08   7.03562e-08   -0.0001999   -5.39123e-05   -4.72756e-05   -5.47013e-05   -4.80562e-05   -6.39701e-05   -6.26846e-05   -6.36252e-05   -6.23094e-05   -6.10663e-05   7.03562e-08   -5.37002e-05   -3.51534e-05   1.29323e-05   2.90983e-05   9.39561e-05   0.000255348   0.000350584   0.000632852   0.000978281   0.00154208   7.03562e-08   7.03562e-08   8.18895e-05   
3.7458e-11   2.09457e-11   -7.72541e-13   -2.76871e-13   -1.46052e-13   4.01525e-14   1.21418e-15   7.49734e-17   7.49734e-17   -5.59101e-14   -2.19623e-14   -5.15126e-13   2.85868e-13   5.82273e-13   -8.98857e-14   -3.47015e-13   -6.45644e-13   2.18669e-14   6.19977e-13   1   -7.09058e-13   -2.00212e-13   2.36378e-13   -2.99775e-14   -1.3387e-13   -1.89217e-12   8.46184e-13   5.7869e-14   -3.8703e-13   -7.78032e-13   7.49734e-17   7.49734e-17   1.0738e-12   6.87413e-13   -3.42882e-13   -2.74709e-13   3.05155e-13   -1.14337e-15   -1.14337e-15   2.02561e-12   1.14114e-12   1.26306e-12   2.61478e-13   1.00765e-12   2.09087e-13   8.84405e-13   6.69856e-13   2.30754e-12   3.13284e-14   -1.14337e-15   1.35418e-14   1.54493e-12   2.2987e-12   2.27999e-12   1.96917e-12   2.03037e-12   2.16644e-12   1.29134e-13   5.75765e-13   2.38988e-13   -1.14337e-15   -1.14337e-15   -8.65872e-09   
-0.0136326   0.00258817   0.00330771   0.004499   -2.19409e-06   -3.85744e-07   8.96149e-08   6.19977e-13   6.19977e-13   0.000408582   0.000223662   0.000255745   0.00028656   0.000330145   -0.00239538   0.000428569   0.000510764   0.000572545   1   6.19977e-13   0.000772457   -0.00186891   -0.00172351   0.000678046   0.00141603   0.00165302   0.00195781   0.00227766   0.00258039   0.00299641   6.19977e-13   6.19977e-13   0.00216994   0.00327598   0.00444792   -6.75715e-06   -2.19294e-07   -3.48564e-09   -3.48564e-09   -2.30116e-05   -2.5391e-06   1.06719e-05   1.19264e-05   9.96142e-06   2.14172e-05   2.97161e-05   4.19403e-05   4.11928e-05   7.06186e-05   -3.48564e-09   8.88441e-05   0.000113453   0.000215637   0.000222307   0.000275999   0.000496891   0.000536872   0.000846374   0.0011357   0.00161942   -3.48564e-09   -3.48564e-09   -7.16015e-05   
-0.00963464   -0.000351276   0.00257215   0.00349631   -1.69036e-06   -3.19599e-07   3.28146e-08   2.18669e-14   2.18669e-14   0.000431611   0.000212766   0.000243136   0.000269626   0.000305173   0.000330902   0.000387495   0.000454095   1   0.000572545   2.18669e-14   0.000662068   0.000746789   0.000861234   0.00100816   0.00115604   0.00133786   0.00157109   0.00181516   0.00203939   0.00234768   2.18669e-14   2.18669e-14   0.00214116   0.00309411   0.00409324   -6.0962e-06   3.01975e-08   -5.74776e-08   -5.74776e-08   0.000106481   3.50391e-05   5.29989e-05   6.06203e-05   5.23483e-05   8.37964e-05   9.71758e-05   0.000118983   0.000116695   0.000166658   -5.74776e-08   0.000192748   0.000221651   0.000362947   0.000362638   0.000407926   0.000671366   0.000670733   0.00099882   0.00124578   0.00166875   -5.74776e-08   -5.74776e-08   -2.52541e-06   
-0.00728231   -0.00185551   0.00211508   0.00287354   -1.3788e-06   -2.7601e-07   0.000111426   -6.45644e-13   -6.45644e-13   0.00321032   0.000201102   0.00301151   0.000260807   0.000283044   0.000305984   0.000354576   1   0.000454095   0.000510764   -6.45644e-13   0.003373   0.000653967   0.000747399   0.000865305   0.00154601   0.00392782   0.00132415   0.00152176   0.00169873   0.00194216   -6.45644e-13   -6.45644e-13   0.00206138   0.00290653   0.0037863   -5.56937e-06   1.56393e-07   -8.35523e-08   -8.35523e-08   0.000169974   5.33361e-05   7.31977e-05   8.38737e-05   7.25989e-05   0.0001134   0.000128988   0.000155073   0.000152052   0.000211095   -8.35523e-08   0.000240447   0.000270678   0.00042784   0.000423944   0.00046353   0.000740904   0.000719361   0.00104708   0.00126473   0.00164356   -8.35523e-08   -8.35523e-08   7.45658e-05   
-0.00401116   -0.00402178   0.00148768   0.00201861   -9.52869e-07   -2.16363e-07   -4.05788e-08   -3.47015e-13   -3.47015e-13   0.000433613   0.000185805   0.000212126   0.000231535   0.000254767   0.000273982   1   0.000354576   0.000387495   0.000428569   -3.47015e-13   0.00048209   0.000529146   0.000593697   0.000671578   0.000757318   0.000858486   0.000987299   0.00112093   0.00123254   0.00138628   -3.47015e-13   -3.47015e-13   0.00197143   0.00267262   0.00339232   -4.88701e-06   3.43287e-07   -1.21722e-07   -1.21722e-07   0.000262518   8.00648e-05   0.00010287   0.000118009   0.000102334   0.000156931   0.000175861   0.000208344   0.000204272   0.000276906   -1.21722e-07   0.000311248   0.000343749   0.000525366   0.00051631   0.000548215   0.000848668   0.000797056   0.00112801   0.00130636   0.00162662   -1.21722e-07   -1.21722e-07   4.0077e-05   
-0.00155051   -0.00550947   0.00100048   0.0013549   -6.23393e-07   -1.68436e-07   -7.10305e-08   -8.98857e-14   -8.98857e-14   0.000426748   0.000171045   0.000195175   0.000211234   0.000228823   1   0.000273982   0.000305984   0.000330902   -0.00239538   -8.98857e-14   0.000397046   -0.00232709   -0.00228796   -3.18421e-05   0.00057445   0.000639542   0.000721717   0.000806049   0.000867826   0.000953171   -8.98857e-14   -8.98857e-14   0.00186425   0.002446   0.00303418   -4.28783e-06   4.71851e-07   -1.46856e-07   -1.46856e-07   0.000324148   9.7775e-05   0.000122234   0.000140291   0.000121754   0.000185209   0.000206165   0.000242604   0.000237856   0.000318816   -1.46856e-07   0.000356053   0.000389513   0.000585032   0.000572421   0.00059807   0.000908902   0.000836552   0.00116282   0.00130885   0.00157978   -1.46856e-07   -1.46856e-07   1.03809e-05   
-0.00092607   -0.00563827   0.000850174   0.00115046   -5.24991e-07   -1.50627e-07   -7.52687e-08   5.82273e-13   5.82273e-13   0.000408731   0.000161069   0.000183763   0.000198441   1   0.000228823   0.000254767   0.000283044   0.000305173   0.000330145   5.82273e-13   0.000362236   0.000387435   0.000422895   0.000461191   0.000510372   0.000564668   0.000633001   0.000702771   0.000750734   0.000817098   5.82273e-13   5.82273e-13   0.00176785   0.00229978   0.00283513   -3.98743e-06   4.85642e-07   -1.46972e-07   -1.46972e-07   0.000325812   9.80794e-05   0.000121976   0.000139999   0.000121526   0.000184562   0.00020518   0.000241121   0.000236413   0.000316146   -1.46972e-07   0.000352612   0.000385015   0.000576196   0.000563256   0.00058648   0.000887717   0.000813399   0.00112601   0.001259   0.00150817   -1.46972e-07   -1.46972e-07   -6.72471e-05   
0.00073244   -0.00669811   0.000527866   0.000711313   -3.05638e-07   -1.1979e-07   2.26077e-07   2.85868e-13   2.85868e-13   0.000415879   0.000152947   0.000182023   1   0.000198441   0.000211234   0.000231535   0.000260807   0.000269626   0.00028656   2.85868e-13   0.000316014   0.000321959   0.000342603   0.000360437   0.000945412   0.00319068   0.000458853   0.000495865   0.000510506   0.000531138   2.85868e-13   2.85868e-13   0.00171144   0.00216732   0.00261847   -3.61628e-06   5.75268e-07   -1.65343e-07   -1.65343e-07   0.000370545   0.000110971   0.000136207   0.000156379   0.000135793   0.000205414   0.000227589   0.000266542   0.000261322   0.000347442   -1.65343e-07   0.000386204   0.000419544   0.000621893   0.000606426   0.000625626   0.000936658   0.000847605   0.00115992   0.00127223   0.00149026   -1.65343e-07   -1.65343e-07   -3.3015e-05   
0.00146306   -0.00692906   0.000360399   0.00048343   -1.92419e-07   -1.01489e-07   0.000111218   -5.15126e-13   -5.15126e-13   0.000407727   0.000143263   1   0.000182023   0.000183763   0.000195175   0.000212126   0.00301151   0.000243136   0.000255745   -5.15126e-13   0.00305676   0.000279794   0.000292873   0.000300672   0.000878748   0.00312278   0.00036177   0.000382398   0.000381244   0.000380174   -5.15126e-13   -5.15126e-13   0.0016207   0.0020245   0.00242002   -3.3069e-06   5.91783e-07   -1.67465e-07   -1.67465e-07   0.000376936   0.00011265   0.000137539   0.000157938   0.000137159   0.000207159   0.000229199   0.000268054   0.000262784   0.000348579   -1.67465e-07   0.000386921   0.000419411   0.000619187   0.00060315   0.000619784   0.000923497   0.000831082   0.00113144   0.00123002   0.00142553   -1.67465e-07   -1.67465e-07   5.94922e-05   
0.00132331   -0.00611079   0.000309216   0.000414624   -1.64867e-07   -8.82125e-08   -7.45563e-08   -2.19623e-14   -2.19623e-14   0.000344678   1   0.000143263   0.000152947   0.000161069   0.000171045   0.000185805   0.000201102   0.000212766   0.000223662   -2.19623e-14   0.000237588   0.000244282   0.000255435   0.000261817   0.000307656   0.000433957   0.000313815   0.000331183   0.000329405   0.000327418   -2.19623e-14   -2.19623e-14   0.00142239   0.00177536   0.00212087   -2.898e-06   5.23668e-07   -1.47532e-07   -1.47532e-07   0.000332146   9.9256e-05   0.000121151   0.000139114   0.000120817   0.000182452   0.000201853   0.000236052   0.00023142   0.000306918   -1.47532e-07   0.000340651   0.000369222   0.00054497   0.000530825   0.000545343   0.000812358   0.000730842   0.000994664   0.00108079   0.00125182   -1.47532e-07   -1.47532e-07   2.53644e-06   
0.0163326   -0.0275033   -0.00133783   -0.00184447   1.05399e-06   -6.08919e-08   1.83211e-07   -5.59101e-14   -5.59101e-14   1   0.000344678   0.000407727   0.000415879   0.000408731   0.000426748   0.000433613   0.00321032   0.000431611   0.000408582   -5.59101e-14   0.000390426   0.000316465   0.000245054   0.000117168   0.000598289   0.0026986   -0.000247142   -0.000428708   -0.000676424   -0.00101492   -5.59101e-14   -5.59101e-14   0.00420122   0.00479326   0.0053019   -6.70727e-06   2.35708e-06   -6.11654e-07   -6.11654e-07   0.00140153   0.000415385   0.000496083   0.000569887   0.000495253   0.000742841   0.000817053   0.000949773   0.000931089   0.00122213   -6.11654e-07   0.00134815   0.00144761   0.00209843   0.00203423   0.00205207   0.00298874   0.00261752   0.00347054   0.00359958   0.00392789   -6.11654e-07   -6.11654e-07   6.45709e-06   
3.7458e-11   2.09457e-11   -7.72541e-13   -2.76871e-13   -1.46052e-13   4.01525e-14   1.21418e-15   7.49734e-17   1   -5.59101e-14   -2.19623e-14   -5.15126e-13   2.85868e-13   5.82273e-13   -8.98857e-14   -3.47015e-13   -6.45644e-13   2.18669e-14   6.19977e-13   7.49734e-17   -7.09058e-13   -2.00212e-13   2.36378e-13   -2.99775e-14   -1.3387e-13   -1.89217e-12   8.46184e-13   5.7869e-14   -3.8703e-13   -7.78032e-13   7.49734e-17   7.49734e-17   1.0738e-12   6.87413e-13   -3.42882e-13   -2.74709e-13   3.05155e-13   -1.14337e-15   -1.14337e-15   2.02561e-12   1.14114e-12   1.26306e-12   2.61478e-13   1.00765e-12   2.09087e-13   8.84405e-13   6.69856e-13   2.30754e-12   3.13284e-14   -1.14337e-15   1.35418e-14   1.54493e-12   2.2987e-12   2.27999e-12   1.96917e-12   2.03037e-12   2.16644e-12   1.29134e-13   5.75765e-13   2.38988e-13   -1.14337e-15   -1.14337e-15   -8.65872e-09   
3.7458e-11   2.09457e-11   -7.72541e-13   -2.76871e-13   -1.46052e-13   4.01525e-14   1.21418e-15   1   7.49734e-17   -5.59101e-14   -2.19623e-14   -5.15126e-13   2.85868e-13   5.82273e-13   -8.98857e-14   -3.47015e-13   -6.45644e-13   2.18669e-14   6.19977e-13   7.49734e-17   -7.09058e-13   -2.00212e-13   2.36378e-13   -2.99775e-14   -1.3387e-13   -1.89217e-12   8.46184e-13   5.7869e-14   -3.8703e-13   -7.78032e-13   7.49734e-17   7.49734e-17   1.0738e-12   6.87413e-13   -3.42882e-13   -2.74709e-13   3.05155e-13   -1.14337e-15   -1.14337e-15   2.02561e-12   1.14114e-12   1.26306e-12   2.61478e-13   1.00765e-12   2.09087e-13   8.84405e-13   6.69856e-13   2.30754e-12   3.13284e-14   -1.14337e-15   1.35418e-14   1.54493e-12   2.2987e-12   2.27999e-12   1.96917e-12   2.03037e-12   2.16644e-12   1.29134e-13   5.75765e-13   2.38988e-13   -1.14337e-15   -1.14337e-15   -8.65872e-09   
-1.64612e-05   1.75053e-05   2.44727e-06   3.34331e-06   -1.7232e-09   -1.57116e-10   1   1.21418e-15   1.21418e-15   1.83211e-07   -7.45563e-08   0.000111218   2.26077e-07   -7.52687e-08   -7.10305e-08   -4.05788e-08   0.000111426   3.28146e-08   8.96149e-08   1.21418e-15   1.10714e-06   2.56347e-07   3.72901e-07   5.45852e-07   2.29914e-05   0.00011232   1.12755e-06   1.39495e-06   1.69276e-06   2.10087e-06   1.21418e-15   1.21418e-15   -1.38736e-06   -1.18152e-06   -8.93488e-07   5.60283e-10   -1.49541e-09   3.58671e-10   3.58671e-10   -8.37406e-07   -2.46036e-07   -2.86962e-07   -3.29836e-07   -2.86833e-07   -4.26994e-07   -4.66555e-07   -5.38635e-07   -5.27981e-07   -6.84754e-07   3.58671e-10   -7.49873e-07   -7.96124e-07   -1.12838e-06   -1.0872e-06   -1.07079e-06   -1.51196e-06   -1.27315e-06   -1.62062e-06   -1.55154e-06   -1.50241e-06   3.58671e-10   3.58671e-10   -1.40227e-07   
1.31825e-05   -7.57912e-06   -2.64629e-06   -3.60412e-06   1.71072e-09   1   -1.57116e-10   4.01525e-14   4.01525e-14   -6.08919e-08   -8.82125e-08   -1.01489e-07   -1.1979e-07   -1.50627e-07   -1.68436e-07   -2.16363e-07   -2.7601e-07   -3.19599e-07   -3.85744e-07   4.01525e-14   -4.74928e-07   -5.65849e-07   -6.86754e-07   -8.52814e-07   -1.00455e-06   -1.20087e-06   -1.45195e-06   -1.71912e-06   -1.98767e-06   -2.35617e-06   4.01525e-14   4.01525e-14   -6.75463e-07   -1.34354e-06   -2.07651e-06   3.2866e-09   8.13998e-10   -1.25748e-10   -1.25748e-10   3.09994e-07   8.91053e-08   9.65565e-08   1.10516e-07   9.67534e-08   1.39783e-07   1.49696e-07   1.68525e-07   1.66048e-07   2.04487e-07   -1.25748e-10   2.17731e-07   2.21705e-07   2.84792e-07   2.66614e-07   2.3175e-07   2.69168e-07   1.63179e-07   1.18606e-07   -6.12456e-08   -3.39035e-07   -1.25748e-10   -1.25748e-10   -4.63723e-06   
0.000115218   -9.07454e-05   -2.05686e-05   -2.8048e-05   1   1.71072e-09   -1.7232e-09   -1.46052e-13   -1.46052e-13   1.05399e-06   -1.64867e-07   -1.92419e-07   -3.05638e-07   -5.24991e-07   -6.23393e-07   -9.52869e-07   -1.3788e-06   -1.69036e-06   -2.19409e-06   -1.46052e-13   -2.86491e-06   -3.591e-06   -4.54724e-06   -5.89555e-06   -7.07284e-06   -8.62155e-06   -1.06407e-05   -1.27755e-05   -1.50107e-05   -1.80771e-05   -1.46052e-13   -1.46052e-13   8.26424e-07   -3.11996e-06   -7.63493e-06   1.59221e-08   7.17986e-09   -1.70505e-09   -1.70505e-09   4.06548e-06   1.18215e-06   1.34241e-06   1.54608e-06   1.34416e-06   1.98573e-06   2.15159e-06   2.46421e-06   2.41219e-06   3.08787e-06   -1.70505e-09   3.35074e-06   3.50335e-06   4.81837e-06   4.60348e-06   4.38172e-06   5.90137e-06   4.65121e-06   5.48899e-06   4.38278e-06   2.85287e-06   -1.70505e-09   -1.70505e-09   1.68676e-05   
-0.227334   0.175289   0.0409445   1   -2.8048e-05   -3.60412e-06   3.34331e-06   -2.76871e-13   -2.76871e-13   -0.00184447   0.000414624   0.00048343   0.000711313   0.00115046   0.0013549   0.00201861   0.00287354   0.00349631   0.004499   -2.76871e-13   0.00584181   0.00728242   0.00918184   0.0118569   0.014201   0.017285   0.0212851   0.0255271   0.0299529   0.0360244   -2.76871e-13   -2.76871e-13   -0.000640073   0.00742314   0.0166093   -3.25019e-05   -1.50252e-05   3.27651e-06   3.27651e-06   -0.00782351   -0.00227516   -0.00257752   -0.00296428   -0.00258025   -0.00380407   -0.00412141   -0.00471549   -0.00462208   -0.00589798   3.27651e-06   -0.00639464   -0.00668261   -0.00916555   -0.00874996   -0.00829949   -0.0111207   -0.00870336   -0.0101687   -0.00791965   -0.00476898   3.27651e-06   3.27651e-06   3.1976e-05   
-0.166611   0.128254   1   0.0409445   -2.05686e-05   -2.64629e-06   2.44727e-06   -7.72541e-13   -7.72541e-13   -0.00133783   0.000309216   0.000360399   0.000527866   0.000850174   0.00100048   0.00148768   0.00211508   0.00257215   0.00330771   -7.72541e-13   0.00429273   0.00534918   0.00674217   0.00870361   0.0104229   0.0126845   0.0156179   0.0187286   0.0219732   0.0264243   -7.72541e-13   -7.72541e-13   -0.000409745   0.00551641   0.0122656   -2.39473e-05   -1.09958e-05   2.39595e-06   2.39595e-06   -0.00572177   -0.00166384   -0.0018846   -0.00216738   -0.00188661   -0.00278124   -0.00301309   -0.00344719   -0.00337892   -0.00431114   2.39595e-06   -0.00467385   -0.00488379   -0.00669675   -0.00639266   -0.0060618   -0.00811896   -0.00635013   -0.00741335   -0.00576091   -0.0034439   2.39595e-06   2.39595e-06   8.92212e-05   
-0.896481   1   0.128254   0.175289   -9.07454e-05   -7.57912e-06   1.75053e-05   2.09457e-11   2.09457e-11   -0.0275033   -0.00611079   -0.00692906   -0.00669811   -0.00563827   -0.00550947   -0.00402178   -0.00185551   -0.000351276   0.00258817   2.09457e-11   0.00658891   0.011331   0.0174744   0.0266919   0.0340097   0.0441422   0.0573899   0.0715669   0.0875651   0.109485   2.09457e-11   2.09457e-11   -0.0885677   -0.0810257   -0.068999   5.89965e-05   -8.56245e-05   2.07119e-05   2.07119e-05   -0.0482344   -0.0141885   -0.0166021   -0.0190804   -0.0165917   -0.0247242   -0.0270401   -0.0312474   -0.0306306   -0.0397913   2.07119e-05   -0.0436205   -0.0463869   -0.065961   -0.0636109   -0.0628741   -0.0891984   -0.0755749   -0.0968379   -0.0939865   -0.0930477   2.07119e-05   2.07119e-05   -0.00241903   
1   -0.896481   -0.166611   -0.227334   0.000115218   1.31825e-05   -1.64612e-05   3.7458e-11   3.7458e-11   0.0163326   0.00132331   0.00146306   0.00073244   -0.00092607   -0.00155051   -0.00401116   -0.00728231   -0.00963464   -0.0136326   3.7458e-11   -0.019014   -0.0249691   -0.0327766   -0.0440026   -0.053531   -0.0662732   -0.0828406   -0.100464   -0.119341   -0.145226   3.7458e-11   3.7458e-11   0.0377756   0.0121624   -0.0184137   6.67552e-05   7.6991e-05   -1.75786e-05   -1.75786e-05   0.0414772   0.0121279   0.0139542   0.0160421   0.0139574   0.0206836   0.0225124   0.025883   0.0253722   0.0326609   -1.75786e-05   0.0356055   0.0375358   0.0524327   0.0503156   0.0487563   0.0673415   0.0550462   0.0677819   0.0603342   0.0511418   -1.75786e-05   -1.75786e-05   -0.00432605   


NLL
-1376.4

